1 5
1.00996 4.99978
1.01981 4.9999
1.02954 5.00035
1.03915 5.00111
1.04864 5.00216
1.058 5.00349
1.06722 5.00508
1.07631 5.00692
1.08527 5.00898
1.0941 5.01124
1.1028 5.01367
1.11138 5.01625
1.11984 5.01896
1.12819 5.02177
1.13644 5.02466
1.14459 5.0276
1.15265 5.03057
1.16064 5.03354
1.16856 5.03649
1.17641 5.03939
1.18421 5.04222
1.19197 5.04495
1.19969 5.04756
1.20737 5.05003
1.21503 5.05235
1.22266 5.05449
1.23027 5.05644
1.23786 5.05819
1.24543 5.05973
1.25298 5.06105
1.26051 5.06216
1.26802 5.06305
1.2755 5.06373
1.28295 5.06422
1.29037 5.06452
1.29776 5.06465
1.30511 5.06462
1.31242 5.06446
1.31969 5.06419
1.32692 5.06383
1.3341 5.06341
1.34124 5.06295
1.34833 5.06247
1.35538 5.062
1.36238 5.06156
1.36933 5.06117
1.37624 5.06084
1.3831 5.06059
1.38991 5.06044
1.39667 5.0604
1.40338 5.06048
1.41004 5.06068
1.41665 5.06101
1.4232 5.06147
1.4297 5.06206
1.43615 5.06278
1.44255 5.06361
1.44889 5.06455
1.45518 5.06559
1.46142 5.06672
1.46762 5.06793
1.47377 5.06921
1.47988 5.07054
1.48595 5.07191
1.49198 5.0733
1.49797 5.0747
1.50393 5.0761
1.50986 5.07748
1.51576 5.07883
1.52164 5.08015
1.52749 5.08143
1.53332 5.08266
1.53913 5.08384
1.54492 5.08497
1.55069 5.08605
1.55644 5.08708
1.56217 5.08806
1.56788 5.08899
1.57357 5.08988
1.57924 5.09073
1.58489 5.09155
1.59052 5.09234
1.59612 5.09311
1.6017 5.09386
1.60726 5.0946
1.6128 5.09534
1.61831 5.09608
1.6238 5.09682
1.62926 5.09757
1.6347 5.09833
1.64012 5.09911
1.64551 5.09991
1.65088 5.10073
1.65622 5.10157
1.66154 5.10243
1.66683 5.10331
1.6721 5.10421
1.67734 5.10513
1.68256 5.10607
1.68776 5.10702
1.69294 5.10798
1.6981 5.10896
1.70324 5.10995
1.70836 5.11096
1.71346 5.11198
1.71854 5.11301
1.7236 5.11405
1.72864 5.1151
1.73366 5.11616
1.73866 5.11723
1.74364 5.1183
1.74861 5.11937
1.75356 5.12044
1.7585 5.12151
1.76342 5.12258
1.76832 5.12365
1.77321 5.12473
1.77808 5.12581
1.78294 5.12689
1.78778 5.12797
1.79261 5.12905
1.79743 5.13014
1.80223 5.13124
1.80702 5.13234
1.81179 5.13345
1.81655 5.13457
1.82129 5.1357
1.82602 5.13684
1.83073 5.13799
1.83543 5.13914
1.84012 5.1403
1.84479 5.14146
1.84945 5.14263
1.8541 5.14381
1.85874 5.14499
1.86337 5.14618
1.86798 5.14737
1.87258 5.14857
1.87717 5.14977
1.88175 5.15098
1.88632 5.15219
1.89088 5.15341
1.89542 5.15465
1.89995 5.1559
1.90447 5.15716
1.90898 5.15842
1.91348 5.15969
1.91797 5.16097
1.92245 5.16226
1.92692 5.16357
1.93138 5.16489
1.93582 5.16622
1.94025 5.16756
1.94468 5.16891
1.9491 5.17026
1.95351 5.17161
1.95791 5.17296
1.9623 5.17432
1.96668 5.17569
1.97106 5.17707
1.97543 5.17846
1.97979 5.17986
1.98414 5.18127
1.98848 5.1827
1.99281 5.18415
1.99713 5.18561
2.00144 5.18708
2.00574 5.18856
2.01003 5.19005
2.01431 5.19155
2.01858 5.19306
2.02285 5.19457
2.02712 5.19607
2.03138 5.19757
2.03564 5.19908
2.03989 5.2006
2.04413 5.20214
2.04836 5.2037
2.05257 5.20529
2.05677 5.2069
2.06096 5.20853
2.06515 5.21017
2.06933 5.21182
2.0735 5.21348
2.07767 5.21514
2.08183 5.21681
2.08599 5.21848
2.09014 5.22016
2.09429 5.22184
2.09844 5.22353
2.10258 5.22522
2.1067 5.22695
2.11081 5.22871
2.11491 5.23048
2.11901 5.23226
2.1231 5.23405
2.12719 5.23585
2.13127 5.23765
2.13536 5.23944
2.13944 5.24124
2.14352 5.24305
2.14759 5.24488
2.15165 5.24673
2.1557 5.2486
2.15974 5.25049
2.16377 5.2524
2.16779 5.25432
2.1718 5.25626
2.17581 5.25822
2.17981 5.2602
2.1838 5.26219
2.18778 5.2642
2.19176 5.26622
2.19573 5.26827
2.19969 5.27033
2.20364 5.2724
2.20759 5.27448
2.21153 5.27657
2.21547 5.27867
2.21941 5.28078
2.22334 5.2829
2.22727 5.28503
2.23119 5.28717
2.23511 5.28932
2.23903 5.29148
2.24294 5.29365
2.24684 5.29584
2.25073 5.29805
2.25461 5.30029
2.25848 5.30255
2.26233 5.30484
2.26617 5.30715
2.27 5.30949
2.27382 5.31184
2.27766 5.31416
2.2815 5.31648
2.28534 5.31881
2.28917 5.32117
2.29298 5.32355
2.29678 5.32596
2.30057 5.3284
2.30435 5.33086
2.3081 5.33337
2.31184 5.33591
2.31557 5.33846
2.3193 5.34102
2.32302 5.34359
2.32674 5.34617
2.33045 5.34876
2.33416 5.35136
2.33786 5.35397
2.34156 5.35659
2.34526 5.35922
2.34895 5.36186
2.35264 5.36451
2.35632 5.36717
2.36 5.36984
2.36368 5.37252
2.36735 5.37521
2.37102 5.37791
2.37468 5.38063
2.37831 5.38341
2.38192 5.38622
2.38552 5.38906
2.38911 5.39192
2.39269 5.39479
2.39626 5.39768
2.39982 5.40059
2.40337 5.40352
2.40691 5.40646
2.41044 5.40942
2.41397 5.41239
2.41749 5.41538
2.421 5.41839
2.4245 5.42141
2.42799 5.42445
2.43147 5.42751
2.43494 5.43058
2.43841 5.43367
2.44187 5.43677
2.44532 5.43989
2.44876 5.44302
2.45219 5.44617
2.45561 5.44933
2.45902 5.45251
2.46243 5.45571
2.46583 5.45893
2.46918 5.4622
2.47251 5.4655
2.47583 5.46882
2.47914 5.47216
2.48244 5.47552
2.48573 5.47889
2.48901 5.48227
2.49233 5.48561
2.49565 5.48897
2.49895 5.49235
2.50223 5.49576
2.50548 5.49921
2.5087 5.5027
2.5119 5.50622
2.51509 5.50975
2.51827 5.5133
2.52144 5.51686
2.5246 5.52044
2.52775 5.52403
2.53089 5.52764
2.53402 5.53126
2.53714 5.5349
2.54025 5.53855
2.54335 5.54222
2.54644 5.5459
2.54952 5.5496
2.55259 5.55331
2.55565 5.55704
2.5587 5.56078
2.56173 5.56454
2.56475 5.56831
2.56776 5.5721
2.57078 5.57588
2.57378 5.57969
2.57676 5.58352
2.57973 5.58737
2.58268 5.59124
2.58562 5.59513
2.58854 5.59903
2.59145 5.60295
2.59434 5.60689
2.59722 5.61084
2.60008 5.61481
2.60293 5.6188
2.60576 5.6228
2.60858 5.62682
2.61139 5.63086
2.61418 5.63491
2.61696 5.63898
2.61972 5.64306
2.62247 5.64716
2.6252 5.65127
2.62792 5.6554
2.63062 5.65955
2.63331 5.66371
2.63597 5.66789
2.63862 5.67209
2.64126 5.6763
2.64388 5.68053
2.64649 5.68477
2.64909 5.68902
2.65167 5.69328
2.65424 5.69756
2.65679 5.70185
2.65933 5.70615
2.66186 5.71047
2.66437 5.7148
2.66687 5.71914
2.66936 5.72349
2.67183 5.72785
2.67429 5.73223
2.67673 5.73662
2.67916 5.74102
2.68157 5.74543
2.68397 5.74985
2.68635 5.75428
2.68872 5.75873
2.69107 5.76319
2.69341 5.76766
2.69573 5.77214
2.69804 5.77663
2.70031 5.78114
2.70256 5.78566
2.7048 5.7902
2.70702 5.79475
2.70923 5.7993
2.71143 5.80386
2.71361 5.80843
2.71578 5.81301
2.71793 5.8176
2.72007 5.8222
2.72219 5.82681
2.72429 5.83143
2.72637 5.83606
2.72844 5.8407
2.73049 5.84535
2.73253 5.85
2.73455 5.85466
2.73656 5.85933
2.73855 5.86401
2.74053 5.86869
2.74249 5.87338
2.74444 5.87807
2.7464 5.88277
2.74834 5.88748
2.75026 5.8922
2.75215 5.89692
2.75403 5.90165
2.75589 5.90639
2.75774 5.91113
2.75957 5.91588
2.76139 5.92063
2.76319 5.92539
2.76498 5.93015
2.76675 5.93492
2.76851 5.93969
2.77025 5.94447
2.77198 5.94925
2.77369 5.95403
2.77539 5.95882
2.77707 5.96361
2.77874 5.96841
2.78039 5.97321
2.78203 5.97801
2.78366 5.98282
2.78527 5.98763
2.78687 5.99244
2.78846 5.99725
2.79003 6.00207
2.79159 6.00689
2.79314 6.01171
2.79467 6.01653
2.79619 6.02136
2.79769 6.02619
2.79918 6.03102
2.80066 6.03585
2.80212 6.04068
2.80357 6.04551
2.80501 6.05034
2.80643 6.05517
2.80784 6.06
2.80924 6.06483
2.81062 6.06966
2.81199 6.07449
2.81335 6.07932
2.81469 6.08415
2.81602 6.08898
2.81734 6.09381
2.81865 6.09864
2.81994 6.10347
2.82122 6.10829
2.82249 6.11311
2.82375 6.11793
2.82499 6.12275
2.82622 6.12757
2.82744 6.13239
2.82865 6.1372
2.82985 6.14201
2.83104 6.14682
2.83221 6.15163
2.83337 6.15644
2.83452 6.16125
2.83566 6.16605
2.83679 6.17085
2.83791 6.17565
2.83902 6.18045
2.84012 6.18524
2.84121 6.19003
2.84229 6.19482
2.84335 6.19961
2.84441 6.20439
2.84546 6.20917
2.8465 6.21394
2.84753 6.21871
2.84855 6.22347
2.84956 6.22823
2.85056 6.23298
2.85155 6.23773
2.85253 6.24247
2.8535 6.24721
2.85446 6.25195
2.85541 6.25668
2.85635 6.26141
2.85728 6.26614
2.8582 6.27086
2.85911 6.27557
2.86001 6.28028
2.86091 6.28499
2.8618 6.28969
2.86268 6.29439
2.86355 6.29908
2.86441 6.30377
2.86526 6.30845
2.8661 6.31312
2.86694 6.31779
2.86777 6.32245
2.86859 6.32711
2.8694 6.33176
2.87021 6.33641
2.87101 6.34105
2.8718 6.34569
2.87258 6.35032
2.87336 6.35495
2.87413 6.35957
2.87489 6.36418
2.87564 6.36879
2.87639 6.37339
2.87713 6.37799
2.87786 6.38258
2.87858 6.38717
2.87929 6.39175
2.88 6.39633
2.8807 6.4009
2.88139 6.40547
2.88208 6.41003
2.88276 6.41459
2.88343 6.41914
2.8841 6.42368
2.88476 6.42822
2.88542 6.43275
2.88607 6.43728
2.88671 6.4418
2.88735 6.44631
2.88798 6.45082
2.88861 6.45532
2.88923 6.45981
2.88985 6.4643
2.89046 6.46878
2.89107 6.47325
2.89167 6.47772
2.89227 6.48218
2.89286 6.48663
2.89345 6.49108
2.89403 6.49552
2.89461 6.49996
2.89518 6.50439
2.89575 6.50881
2.89631 6.51323
2.89686 6.51764
2.89741 6.52205
2.89795 6.52645
2.89848 6.53085
2.89901 6.53524
2.89953 6.53963
2.90005 6.54401
2.90056 6.54839
2.90107 6.55276
2.90157 6.55712
2.90207 6.56148
2.90257 6.56583
2.90306 6.57018
2.90355 6.57452
2.90403 6.57885
2.90451 6.58318
2.90498 6.5875
2.90545 6.59181
2.90592 6.59612
2.90638 6.60042
2.90684 6.60472
2.9073 6.60901
2.90775 6.61329
2.9082 6.61757
2.90865 6.62184
2.90909 6.62611
2.90953 6.63037
2.90997 6.63462
2.9104 6.63887
2.91083 6.64311
2.91125 6.64735
2.91166 6.65158
2.91207 6.65581
2.91247 6.66003
2.91287 6.66425
2.91327 6.66846
2.91366 6.67267
2.91405 6.67687
2.91443 6.68107
2.91481 6.68526
2.91519 6.68945
2.91556 6.69363
2.91593 6.6978
2.9163 6.70197
2.91666 6.70613
2.91702 6.71029
2.91737 6.71444
2.91772 6.71859
2.91807 6.72273
2.91842 6.72687
2.91876 6.731
2.9191 6.73513
2.91944 6.73925
2.91977 6.74337
2.9201 6.74748
2.92043 6.75159
2.92075 6.75569
2.92107 6.75979
2.92139 6.76388
2.9217 6.76796
2.92201 6.77204
2.92232 6.77611
2.92263 6.78018
2.92293 6.78424
2.92323 6.7883
2.92353 6.79235
2.92383 6.7964
2.92412 6.80044
2.92441 6.80448
2.9247 6.80851
2.92498 6.81254
2.92525 6.81657
2.92551 6.82059
2.92577 6.82461
2.92603 6.82862
2.92629 6.83263
2.92655 6.83663
2.9268 6.84063
2.92705 6.84462
2.9273 6.84861
2.92754 6.8526
2.92778 6.85658
2.92802 6.86056
2.92825 6.86453
2.92848 6.8685
2.9287 6.87246
2.92892 6.87642
2.92914 6.88038
2.92935 6.88433
2.92956 6.88828
2.92976 6.89222
2.92996 6.89616
2.93016 6.90009
2.93035 6.90402
2.93054 6.90795
2.93073 6.91187
2.93091 6.91579
2.93109 6.9197
2.93126 6.92361
2.93143 6.92752
2.9316 6.93142
2.93176 6.93532
2.93192 6.93921
2.93207 6.9431
2.93222 6.94699
2.93237 6.95087
2.93251 6.95475
2.93265 6.95862
2.93279 6.96249
2.93292 6.96636
2.93305 6.97022
2.93317 6.97408
2.93329 6.97794
2.9334 6.98179
2.93351 6.98564
2.93361 6.98949
2.93371 6.99333
2.9338 6.99717
2.93389 7.00101
2.93397 7.00484
2.93405 7.00867
2.93412 7.01249
2.93419 7.01631
2.93425 7.02013
2.93431 7.02394
2.93436 7.02775
2.9344 7.03156
2.93444 7.03536
2.93447 7.03916
2.9345 7.04296
2.93452 7.04675
2.93454 7.05054
2.93455 7.05433
2.93456 7.05811
2.93457 7.06189
2.93457 7.06567
2.93457 7.06944
2.93456 7.07321
2.93455 7.07698
2.93453 7.08074
2.93451 7.0845
2.93448 7.08826
2.93445 7.09201
2.93441 7.09576
2.93437 7.09951
2.93432 7.10325
2.93426 7.10699
2.93419 7.11073
2.93411 7.11447
2.93402 7.1182
2.93392 7.12193
2.93382 7.12566
2.93371 7.12938
2.93359 7.1331
2.93347 7.13682
2.93334 7.14053
2.93321 7.14424
2.93307 7.14795
2.93292 7.15165
2.93276 7.15535
2.9326 7.15905
2.93243 7.16275
2.93225 7.16644
2.93206 7.17013
2.93186 7.17382
2.93165 7.1775
2.93144 7.18118
2.93122 7.18486
2.93099 7.18853
2.93075 7.1922
2.9305 7.19587
2.93024 7.19954
2.92997 7.2032
2.92969 7.20686
2.9294 7.21052
2.9291 7.21417
2.92879 7.21782
2.92847 7.22147
2.92814 7.22511
2.9278 7.22875
2.92745 7.23239
2.92709 7.23602
2.92672 7.23965
2.92633 7.24328
2.92593 7.2469
2.92552 7.25052
2.9251 7.25414
2.92467 7.25775
2.92423 7.26136
2.92377 7.26497
2.9233 7.26857
2.92282 7.27217
2.92233 7.27577
2.92182 7.27936
2.9213 7.28295
2.92077 7.28654
2.92023 7.29012
2.91968 7.2937
2.91912 7.29728
2.91855 7.30085
2.91797 7.30442
2.91737 7.30799
2.91676 7.31155
2.91613 7.31511
2.91549 7.31866
2.91483 7.32221
2.91416 7.32576
2.91347 7.3293
2.91276 7.33284
2.91204 7.33637
2.9113 7.3399
2.91055 7.34343
2.90978 7.34695
2.90899 7.35047
2.90818 7.35398
2.90736 7.35749
2.90652 7.36099
2.90566 7.36449
2.90478 7.36799
2.90388 7.37148
2.90297 7.37497
2.90204 7.37845
2.90109 7.38193
2.90012 7.3854
2.89913 7.38887
2.89812 7.39233
2.89709 7.39578
2.89604 7.39923
2.89497 7.40267
2.89388 7.40611
2.89276 7.40954
2.89162 7.41297
2.89046 7.41639
2.88928 7.41981
2.88808 7.42322
2.88685 7.42662
2.8856 7.43002
2.88433 7.43341
2.88303 7.43679
2.88171 7.44017
2.88037 7.44354
2.87901 7.4469
2.87762 7.45026
2.87621 7.45361
2.87477 7.45695
2.8733 7.46028
2.87181 7.46361
2.87029 7.46693
2.86874 7.47024
2.86716 7.47354
2.86556 7.47683
2.86393 7.48012
2.86227 7.4834
2.86058 7.48667
2.85886 7.48993
2.85711 7.49318
2.85533 7.49642
2.85351 7.49965
2.85166 7.50287
2.84978 7.50608
2.84787 7.50928
2.84593 7.51247
2.84395 7.51565
2.84194 7.51882
2.8399 7.52198
2.83782 7.52513
2.83571 7.52826
2.83356 7.53138
2.83138 7.53449
2.82916 7.53759
2.82691 7.54068
2.82462 7.54375
2.82229 7.54681
2.81993 7.54986
2.81753 7.5529
2.81509 7.55592
2.81261 7.55893
2.81009 7.56192
2.80754 7.5649
2.80495 7.56787
2.80232 7.57082
2.79965 7.57376
2.79694 7.57668
2.79419 7.57959
2.7914 7.58248
2.78857 7.58535
2.78569 7.58821
2.78277 7.59105
2.77981 7.59387
2.77681 7.59668
2.77376 7.59947
2.77067 7.60224
2.76754 7.60499
2.76436 7.60772
2.76114 7.61044
2.75788 7.61314
2.75457 7.61582
2.75122 7.61848
2.74782 7.62112
2.74438 7.62374
2.74089 7.62634
2.73736 7.62892
2.73379 7.63148
2.73017 7.63402
2.72651 7.63654
2.7228 7.63904
2.71904 7.64152
2.71524 7.64398
2.71139 7.64642
2.7075 7.64883
2.70356 7.65122
2.69958 7.65359
2.69555 7.65594
2.69147 7.65826
2.68735 7.66056
2.68318 7.66284
2.67897 7.6651
2.67471 7.66733
2.67041 7.66954
2.66606 7.67173
2.66167 7.67389
2.65723 7.67603
2.65275 7.67815
2.64822 7.68024
2.64365 7.68231
2.63904 7.68436
2.63438 7.68639
2.62968 7.68839
2.62494 7.69037
2.62015 7.69232
2.61532 7.69425
2.61045 7.69616
2.60554 7.69805
2.60059 7.69991
2.5956 7.70175
2.59056 7.70357
2.58548 7.70536
2.58036 7.70713
2.5752 7.70888
2.57 7.7106
2.56476 7.7123
2.55948 7.71398
2.55416 7.71563
2.5488 7.71726
2.54341 7.71887
2.53798 7.72046
2.53251 7.72203
2.52701 7.72357
2.52147 7.72509
2.51589 7.72659
2.51028 7.72807
2.50463 7.72953
2.49895 7.73097
2.49324 7.73239
2.48749 7.73379
2.48171 7.73517
2.4759 7.73653
2.47005 7.73787
2.46417 7.73919
2.45826 7.7405
2.45232 7.74179
2.44635 7.74306
2.44035 7.74431
2.43432 7.74554
2.42826 7.74676
2.42217 7.74796
2.41605 7.74914
2.4099 7.7503
2.40372 7.75145
2.39752 7.75258
2.39129 7.75369
2.38503 7.75479
2.37874 7.75587
2.37242 7.75694
2.36608 7.75799
2.35971 7.75902
2.35331 7.76004
2.34689 7.76104
2.34044 7.76203
2.33396 7.763
2.32746 7.76396
2.32093 7.7649
2.31437 7.76583
2.30779 7.76674
2.30119 7.76764
2.29456 7.76853
2.28791 7.76941
2.28123 7.77027
2.27453 7.77112
2.26781 7.77196
2.26106 7.77278
2.25429 7.77359
2.24749 7.77439
2.24067 7.77517
2.23383 7.77594
2.22696 7.7767
2.22007 7.77745
2.21316 7.77818
2.20622 7.7789
2.19926 7.77961
2.19228 7.78031
2.18528 7.781
2.17826 7.78168
2.17121 7.78235
2.16414 7.78301
2.15705 7.78365
2.14994 7.78428
2.1428 7.7849
2.13564 7.78551
2.12846 7.78611
2.12126 7.7867
2.11404 7.78727
2.10679 7.78783
2.09952 7.78838
2.09223 7.78892
2.08492 7.78945
2.07759 7.78997
2.07024 7.79048
2.06287 7.79098
2.05548 7.79147
2.04807 7.79196
2.04064 7.79244
2.03319 7.79291
2.02572 7.79337
2.01823 7.79382
2.01072 7.79426
2.00319 7.79469
1.99563 7.79511
1.98806 7.79552
1.98048 7.79592
1.97289 7.79631
1.9653 7.79669
1.9577 7.79706
1.95009 7.79742
1.94248 7.79777
1.93486 7.79812
1.92724 7.79846
1.91961 7.79879
1.91198 7.79912
1.90435 7.79944
1.89671 7.79976
1.88907 7.80008
1.88143 7.80039
1.87379 7.8007
1.86614 7.80101
1.85849 7.80131
1.85084 7.80161
1.84319 7.80191
1.83554 7.80221
1.82789 7.80251
1.82024 7.80281
1.81259 7.80311
1.80494 7.8034
1.79729 7.80369
1.78964 7.80398
1.78199 7.80427
1.77434 7.80457
1.76669 7.80487
1.75904 7.80517
1.75139 7.80547
1.74374 7.80577
1.73609 7.80607
1.72844 7.80637
1.72079 7.80667
1.71314 7.80697
1.7055 7.80727
1.69786 7.80758
1.69022 7.80789
1.68258 7.8082
1.67498 7.8087
1.66746 7.80934
1.66003 7.81012
1.65269 7.81102
1.64545 7.81204
1.63831 7.81317
1.63128 7.8144
1.62435 7.81572
1.61753 7.81713
1.61081 7.81862
1.60419 7.82018
1.59767 7.82181
1.59125 7.8235
1.58492 7.82525
1.57867 7.82706
1.57251 7.82891
1.56643 7.83081
1.56043 7.83275
1.5545 7.83473
1.54864 7.83674
1.54284 7.83878
1.53711 7.84085
1.53143 7.84295
1.52581 7.84508
1.52024 7.84723
1.51472 7.8494
1.50924 7.85159
1.50381 7.85379
1.49842 7.85601
1.49306 7.85824
1.48774 7.86049
1.48245 7.86275
1.47719 7.86502
1.47196 7.8673
1.46676 7.86959
1.46158 7.87189
1.45643 7.8742
1.4513 7.87651
1.44619 7.87883
1.4411 7.88115
1.43602 7.88348
1.43096 7.88581
1.42591 7.88815
1.42088 7.89049
1.41586 7.89283
1.41085 7.89518
1.40591 7.89725
1.40061 7.89916
1.39497 7.90091
1.38902 7.9025
1.38278 7.90392
1.37628 7.90517
1.36953 7.90661
1.36288 7.90813
1.35632 7.90971
1.34986 7.91135
1.34348 7.91305
1.33719 7.9148
1.33098 7.9166
1.32485 7.91845
1.3188 7.92034
1.31282 7.92227
1.30691 7.92423
1.30106 7.92622
1.29527 7.92824
1.28954 7.93029
1.28386 7.93236
1.27824 7.93446
1.27267 7.93658
1.26714 7.93872
1.26166 7.94088
1.25622 7.94305
1.25082 7.94524
1.24553 7.94707
1.23983 7.9487
1.23374 7.95012
1.22725 7.95175
1.22085 7.95344
1.21453 7.95518
1.20829 7.95697
1.20213 7.9588
1.19605 7.96067
1.19004 7.96258
1.1841 7.96453
1.17822 7.96651
1.1724 7.96852
1.16664 7.97056
1.16094 7.97262
1.15529 7.97471
1.14969 7.97682
1.14414 7.97895
1.13874 7.98067
1.13288 7.98215
1.12652 7.98387
1.12024 7.98564
1.11404 7.98745
1.10791 7.9893
1.10186 7.99119
1.09588 7.99312
1.08996 7.99508
1.0841 7.99707
1.0783 7.99909
1.07256 8.00114
1.06687 8.00321
1.06136 8.00483
1.05525 8.0067
1.04921 8.0086
1.04324 8.01054
1.03734 8.01251
1.03163 8.01401
1.02532 8.01577
1.01909 8.01758
1.01294 8.01943
1.00686 8.02132
1.00085 8.02325
0.994906 8.02521
0.989025 8.0272
0.983204 8.02922
0.977441 8.03127
0.971732 8.03334
0.966231 8.03491
0.9602 8.03619
0.953577 8.03776
0.947041 8.03939
0.940589 8.04108
0.934219 8.04282
0.927929 8.04461
0.921715 8.04644
0.915575 8.04831
0.909506 8.05022
0.903505 8.05217
0.897569 8.05415
0.891695 8.05616
0.88588 8.0582
0.880122 8.06027
0.874418 8.06236
0.868765 8.06447
0.86316 8.0666
0.857602 8.06875
0.852088 8.07092
0.846615 8.07311
0.841388 8.07474
0.835555 8.07605
0.82901 8.07768
0.822547 8.07937
0.816164 8.08111
0.809859 8.0829
0.803629 8.08473
0.797472 8.0866
0.791385 8.08851
0.785365 8.09046
0.779409 8.09244
0.773515 8.09445
0.76768 8.09649
0.761901 8.09856
0.756176 8.10065
0.750502 8.10276
0.744877 8.10489
0.739541 8.10641
0.733348 8.10827
0.727226 8.11017
0.721171 8.1121
0.715181 8.11407
0.709253 8.11607
0.703633 8.11742
0.697174 8.11913
0.690793 8.12089
0.684487 8.1227
0.678254 8.12455
0.672092 8.12644
0.665998 8.12837
0.65997 8.13033
0.654005 8.13232
0.648101 8.13434
0.642255 8.13639
0.636465 8.13847
0.630728 8.14057
0.625042 8.14269
0.619698 8.14414
0.613411 8.14596
0.607195 8.14782
0.601048 8.14972
0.594968 8.15166
0.588952 8.15363
0.582998 8.15564
0.577103 8.15768
0.571265 8.15974
0.565796 8.16109
0.559363 8.16283
0.553004 8.16462
0.546717 8.16646
0.540501 8.16834
0.534353 8.17026
0.528271 8.17221
0.522252 8.1742
0.516294 8.17622
0.510395 8.17827
0.504552 8.18034
0.498764 8.18244
0.493028 8.18456
0.487697 8.18594
0.481322 8.18773
0.475019 8.18957
0.468785 8.19145
0.462619 8.19337
0.456518 8.19532
0.45048 8.19731
0.444503 8.19933
0.438584 8.20138
0.432722 8.20346
0.427297 8.20475
0.420798 8.20648
0.414373 8.20826
0.408019 8.21008
0.401735 8.21194
0.395519 8.21384
0.389369 8.21578
0.383282 8.21776
0.377257 8.21977
0.371291 8.22181
0.365383 8.22388
0.35953 8.22598
0.35373 8.2281
0.347982 8.23024
0.342715 8.23156
0.336285 8.23334
0.329925 8.23517
0.323633 8.23704
0.317835 8.23803
0.311351 8.23852
0.304326 8.23848
0.296932 8.23792
0.28935 8.23687
0.281745 8.23538
0.274251 8.2335
0.266964 8.2313
0.259942 8.22884
0.253212 8.22617
0.246779 8.22333
0.24063 8.22037
0.234746 8.21731
0.229101 8.21417
0.223669 8.21097
0.218425 8.20773
0.213344 8.20445
0.208404 8.20115
0.203585 8.19783
0.198869 8.19449
0.194242 8.19114
0.18969 8.18778
0.185201 8.18442
0.180765 8.18106
0.176535 8.1781
0.171989 8.17524
0.167132 8.17249
0.16197 8.16986
0.156511 8.16735
0.150765 8.16498
0.144744 8.16275
0.138461 8.16067
0.13193 8.15874
0.125167 8.15697
0.11819 8.15537
0.111017 8.15394
0.103666 8.15268
0.0961574 8.15159
0.0885104 8.15068
0.0807446 8.14994
0.0728795 8.14937
0.064934 8.14897
0.0569264 8.14874
0.0488743 8.14868
0.0407944 8.14878
0.0327023 8.14904
0.0246125 8.14945
0.0165383 8.15
0.00849183 8.15069
0.000483955 8.15152
-0.00747563 8.15248
-0.0153784 8.15356
-0.023217 8.15476
-0.030985 8.15607
-0.0386772 8.15749
-0.0462892 8.15901
-0.0538174 8.16062
-0.0612592 8.16232
-0.0686125 8.16411
-0.075876 8.16598
-0.0830489 8.16792
-0.0901309 8.16993
-0.0971222 8.17201
-0.104023 8.17415
-0.110835 8.17635
-0.117559 8.1786
-0.124196 8.1809
-0.130748 8.18325
-0.137217 8.18564
-0.143605 8.18808
-0.149914 8.19055
-0.156146 8.19306
-0.162303 8.1956
-0.155606 8.19537
-0.162773 8.1974
-0.169851 8.1995
-0.163137 8.19806
-0.170961 8.19959
-0.164447 8.19688
-0.158418 8.19284
-0.166921 8.19314
-0.161357 8.18821
-0.156505 8.18237
-0.152367 8.17585
-0.148889 8.16885
-0.145987 8.16151
-0.14357 8.15393
-0.141551 8.14619
-0.139854 8.13833
-0.138413 8.13038
-0.137175 8.12237
-0.136097 8.1143
-0.135144 8.10619
-0.134288 8.09804
-0.133507 8.08985
-0.132784 8.08162
-0.132106 8.07336
-0.131462 8.06507
-0.130844 8.05675
-0.130245 8.04839
-0.12966 8.04
-0.129086 8.03158
-0.128519 8.02313
-0.127957 8.01464
-0.127399 8.00612
-0.126843 7.99757
-0.126288 7.98898
-0.125733 7.98036
-0.125178 7.97171
-0.124622 7.96302
-0.124065 7.9543
-0.123506 7.94554
-0.122945 7.93675
-0.122382 7.92792
-0.121817 7.91905
-0.12125 7.91014
-0.120681 7.9012
-0.12011 7.89222
-0.119536 7.8832
-0.11896 7.87414
-0.118381 7.86504
-0.1178 7.8559
-0.117216 7.84672
-0.11663 7.8375
-0.116041 7.82823
-0.115449 7.81892
-0.114854 7.80957
-0.114257 7.80017
-0.113657 7.79073
-0.113054 7.78124
-0.112448 7.77171
-0.111839 7.76213
-0.111227 7.7525
-0.110612 7.74282
-0.109994 7.73309
-0.109372 7.72331
-0.108747 7.71348
-0.108119 7.7036
-0.107487 7.69367
-0.106852 7.68368
-0.106214 7.67364
-0.105572 7.66354
-0.104926 7.65339
-0.104277 7.64318
-0.103624 7.63291
-0.102967 7.62258
-0.102306 7.61219
-0.101641 7.60174
-0.100972 7.59123
-0.100299 7.58065
-0.0996221 7.57001
-0.0989409 7.5593
-0.0982554 7.54852
-0.0975654 7.53767
-0.0968709 7.52675
-0.0961718 7.51576
-0.095468 7.50469
-0.0947594 7.49355
-0.0940458 7.48233
-0.0933272 7.47103
-0.0926034 7.45965
-0.0918744 7.44819
-0.09114 7.43664
-0.0904 7.42501
-0.0896544 7.41329
-0.088903 7.40148
-0.0881457 7.38958
-0.0873823 7.37758
-0.0866126 7.36548
-0.0858366 7.35328
-0.085054 7.34098
-0.0842646 7.32857
-0.0834683 7.31606
-0.0826649 7.30343
-0.0818541 7.29069
-0.0810358 7.27783
-0.0802097 7.26485
-0.0793756 7.25175
-0.0785333 7.23852
-0.0776825 7.22515
-0.0768229 7.21165
-0.0759542 7.198
-0.0750762 7.18421
-0.0741885 7.17027
-0.0732907 7.15617
-0.0723825 7.14191
-0.0714636 7.12748
-0.0705335 7.11287
-0.0695918 7.09808
-0.068638 7.0831
-0.0676716 7.06793
-0.0666921 7.05255
-0.0656989 7.03696
-0.0646914 7.02115
-0.063669 7.0051
-0.062631 6.98881
-0.0615765 6.97227
-0.0605048 6.95546
-0.059415 6.93837
-0.0583061 6.92098
-0.057177 6.90327
-0.0560266 6.88523
-0.0548535 6.86684
-0.0536563 6.84808
-0.0524335 6.82892
-0.0511833 6.80934
-0.0499037 6.7893
-0.0485925 6.76877
-0.0472471 6.74771
-0.0458647 6.72608
-0.044442 6.70383
-0.0429751 6.6809
-0.0414597 6.65723
-0.0398904 6.63273
-0.0382611 6.60731
-0.0365641 6.58086
-0.0347901 6.55324
-0.0329276 6.52428
-0.0309616 6.49376
-0.0288728 6.46141
-0.0266342 6.42684
-0.0242106 6.38953
-0.0215371 6.34872
-0.0185769 6.30321
-0.0147577 6.25099
-0.0142115 6.18771
0.0732173 6.07761
-3.53064 7.69817
12.5332 -10.7301
22.9733 -18.1476
30.8673 -23.6951
37.8567 -28.5794
44.3292 -33.0936
50.4537 -37.3664
56.3223 -41.4679
61.9922 -45.4407
67.5022 -49.3127
72.879 -53.1004
78.147 -56.8212
83.3209 -60.483
88.4123 -64.0899
93.4362 -67.6524
98.3993 -71.1725
103.309 -74.6538
108.172 -78.1008
112.991 -81.5147
117.768 -84.8965
122.504 -88.2476
127.202 -91.5696
131.865 -94.8642
136.494 -98.1332
141.092 -101.378
145.661 -104.601
150.203 -107.803
154.72 -110.986
159.213 -114.151
163.684 -117.299
168.135 -120.431
172.566 -123.549
176.979 -126.653
181.375 -129.744
185.755 -132.823
190.12 -135.891
194.471 -138.948
198.809 -141.995
203.134 -145.033
207.447 -148.062
211.749 -151.082
216.04 -154.094
220.321 -157.099
224.592 -160.096
228.854 -163.087
233.107 -166.071
237.352 -169.049
241.589 -172.021
245.818 -174.987
250.04 -177.948
254.255 -180.904
258.463 -183.855
262.665 -186.801
266.86 -189.742
271.049 -192.679
275.233 -195.612
279.411 -198.541
283.584 -201.466
287.752 -204.387
291.915 -207.304
296.073 -210.218
300.226 -213.128
304.375 -216.035
308.519 -218.939
312.659 -221.84
316.795 -224.738
320.927 -227.633
325.056 -230.525
329.181 -233.415
333.302 -236.302
337.42 -239.187
341.535 -242.069
345.646 -244.949
349.754 -247.826
353.859 -250.701
357.961 -253.574
362.06 -256.445
366.156 -259.314
370.25 -262.181
374.341 -265.046
378.429 -267.909
382.515 -270.77
386.598 -273.629
390.679 -276.487
394.757 -279.343
398.833 -282.197
402.907 -285.05
406.979 -287.901
411.049 -290.751
415.117 -293.599
419.182 -296.446
423.245 -299.291
427.307 -302.135
431.367 -304.977
435.425 -307.818
439.481 -310.658
443.535 -313.496
447.587 -316.333
451.638 -319.169
455.687 -322.004
459.734 -324.838
463.78 -327.67
467.824 -330.501
471.867 -333.331
475.908 -336.16
479.948 -338.988
483.986 -341.815
488.023 -344.641
492.058 -347.466
496.092 -350.29
500.125 -353.113
504.156 -355.935
508.186 -358.756
512.215 -361.576
516.242 -364.395
520.268 -367.213
524.293 -370.031
528.317 -372.848
532.34 -375.664
536.362 -378.479
540.382 -381.293
544.401 -384.106
548.419 -386.919
552.436 -389.731
556.452 -392.542
560.467 -395.352
564.481 -398.162
568.494 -400.971
572.506 -403.779
576.517 -406.587
580.527 -409.394
584.536 -412.2
588.544 -415.006
592.551 -417.811
596.557 -420.615
600.563 -423.419
604.568 -426.222
608.572 -429.024
612.575 -431.826
616.577 -434.627
620.578 -437.428
624.578 -440.228
628.578 -443.027
632.577 -445.826
636.575 -448.624
640.572 -451.422
644.569 -454.219
648.565 -457.016
652.56 -459.812
656.554 -462.608
660.548 -465.403
664.541 -468.198
668.533 -470.992
672.525 -473.786
676.516 -476.579
680.506 -479.372
684.496 -482.164
688.485 -484.956
692.473 -487.747
696.461 -490.538
700.448 -493.328
704.434 -496.118
708.42 -498.908
712.405 -501.697
716.39 -504.486
720.374 -507.274
724.357 -510.062
728.34 -512.849
732.322 -515.636
736.304 -518.423
740.285 -521.209
744.266 -523.995
748.246 -526.78
752.225 -529.565
756.204 -532.35
760.182 -535.134
764.16 -537.918
768.137 -540.702
772.114 -543.485
776.09 -546.268
780.066 -549.051
784.041 -551.833
788.016 -554.615
791.99 -557.396
795.964 -560.177
799.938 -562.958
803.911 -565.738
807.884 -568.518
811.856 -571.298
815.828 -574.078
819.799 -576.857
823.77 -579.636
827.74 -582.415
831.71 -585.193
835.68 -587.971
839.649 -590.749
843.618 -593.526
847.586 -596.303
851.554 -599.08
855.521 -601.857
859.488 -604.633
863.455 -607.409
867.421 -610.185
871.387 -612.96
875.353 -615.735
879.318 -618.51
883.283 -621.285
887.247 -624.059
891.211 -626.833
895.175 -629.607
899.138 -632.381
903.101 -635.154
907.064 -637.927
911.026 -640.7
914.988 -643.473
918.95 -646.245
922.911 -649.017
926.872 -651.789
930.833 -654.561
934.793 -657.332
938.753 -660.103
942.713 -662.874
946.672 -665.645
950.631 -668.415
954.59 -671.185
958.548 -673.955
962.506 -676.725
966.464 -679.495
970.421 -682.264
974.378 -685.033
978.335 -687.802
982.291 -690.571
986.247 -693.339
990.203 -696.107
994.159 -698.875
998.114 -701.643
1002.07 -704.411
1006.02 -707.178
1009.97 -709.945
1013.92 -712.712
1017.87 -715.479
1021.82 -718.246
1025.77 -721.012
1029.72 -723.778
1033.67 -726.544
1037.62 -729.31
1041.57 -732.076
1045.52 -734.842
1049.47 -737.607
1053.42 -740.372
1057.37 -743.137
1061.32 -745.902
1065.27 -748.667
1069.22 -751.431
1073.17 -754.195
1077.12 -756.959
1081.07 -759.723
1085.02 -762.487
1088.97 -765.251
1092.92 -768.014
1096.87 -770.777
1100.82 -773.54
1104.77 -776.303
1108.72 -779.066
1112.67 -781.829
1116.62 -784.591
1120.57 -787.353
1124.52 -790.115
1128.47 -792.877
1132.42 -795.639
1136.37 -798.401
1140.32 -801.163
1144.27 -803.924
1148.22 -806.685
1152.17 -809.446
1156.12 -812.207
1160.07 -814.968
1164.01 -817.729
1167.95 -820.489
1171.89 -823.249
1175.83 -826.009
1179.77 -828.769
1183.71 -831.529
1187.65 -834.289
1191.59 -837.049
1195.53 -839.808
1199.47 -842.567
1203.41 -845.326
1207.35 -848.085
1211.29 -850.844
1215.23 -853.603
1219.17 -856.362
1223.11 -859.121
1227.05 -861.879
1230.99 -864.637
1234.93 -867.395
1238.87 -870.153
1242.81 -872.911
1246.75 -875.669
1250.69 -878.427
1254.63 -881.185
1258.57 -883.942
1262.51 -886.699
1266.45 -889.456
1270.39 -892.213
1274.33 -894.97
1278.27 -897.727
1282.21 -900.484
1286.15 -903.241
1290.09 -905.997
1294.03 -908.753
1297.97 -911.509
1301.91 -914.265
1305.85 -917.021
1309.79 -919.777
1313.73 -922.533
1317.67 -925.289
1321.61 -928.044
1325.55 -930.799
1329.49 -933.554
1333.43 -936.309
1337.37 -939.064
1341.31 -941.819
1345.25 -944.574
1349.19 -947.329
1353.13 -950.084
1357.07 -952.839
1361.01 -955.593
1364.95 -958.347
1368.89 -961.101
1372.83 -963.855
1376.77 -966.609
1380.71 -969.363
1384.65 -972.117
1388.59 -974.871
1392.53 -977.625
1396.46 -980.378
1400.39 -983.131
1404.32 -985.884
1408.25 -988.637
1412.18 -991.39
1416.11 -994.143
1420.04 -996.896
1423.97 -999.649
1427.9 -1002.4
1431.83 -1005.15
1435.76 -1007.9
1439.69 -1010.65
1443.62 -1013.4
1447.55 -1016.15
1451.48 -1018.9
1455.41 -1021.65
1459.34 -1024.4
1463.27 -1027.15
1467.2 -1029.9
1471.13 -1032.65
1475.06 -1035.4
1478.99 -1038.15
1482.92 -1040.9
1486.85 -1043.65
1490.78 -1046.4
1494.71 -1049.15
1498.64 -1051.9
1502.57 -1054.65
1506.5 -1057.4
1510.43 -1060.15
1514.36 -1062.9
1518.29 -1065.65
1522.22 -1068.4
1526.15 -1071.15
1530.08 -1073.9
1534.01 -1076.65
1537.94 -1079.4
1541.87 -1082.15
1545.8 -1084.9
1549.73 -1087.65
1553.66 -1090.4
1557.59 -1093.15
1561.52 -1095.9
1565.45 -1098.65
1569.38 -1101.4
1573.31 -1104.15
1577.24 -1106.9
1581.17 -1109.65
1585.1 -1112.4
1589.03 -1115.15
1592.96 -1117.9
1596.89 -1120.65
1600.82 -1123.4
1604.75 -1126.15
1608.68 -1128.9
1612.61 -1131.65
1616.54 -1134.4
1620.47 -1137.15
1624.4 -1139.9
1628.33 -1142.65
1632.26 -1145.4
1636.19 -1148.15
1640.12 -1150.9
1644.05 -1153.65
1647.98 -1156.4
1651.91 -1159.15
1655.84 -1161.9
1659.77 -1164.65
1663.7 -1167.4
1667.63 -1170.15
1671.56 -1172.9
1675.49 -1175.65
1679.42 -1178.4
1683.35 -1181.15
1687.28 -1183.9
1691.21 -1186.65
1695.14 -1189.4
1699.07 -1192.15
1703 -1194.9
1706.93 -1197.65
1710.86 -1200.4
1714.79 -1203.15
1718.72 -1205.9
1722.65 -1208.65
1726.58 -1211.4
1730.51 -1214.15
1734.44 -1216.9
1738.37 -1219.65
1742.3 -1222.4
1746.23 -1225.15
1750.15 -1227.9
1754.07 -1230.65
1757.99 -1233.4
1761.91 -1236.15
1765.83 -1238.9
1769.75 -1241.65
1773.67 -1244.4
1777.59 -1247.15
1781.51 -1249.9
1785.43 -1252.65
1789.35 -1255.4
1793.27 -1258.15
1797.19 -1260.9
1801.11 -1263.65
1805.03 -1266.4
1808.95 -1269.15
1812.87 -1271.9
1816.79 -1274.65
1820.71 -1277.4
1824.63 -1280.15
1828.55 -1282.9
1832.47 -1285.65
1836.39 -1288.4
1840.31 -1291.15
1844.23 -1293.9
1848.15 -1296.65
1852.07 -1299.39
1855.99 -1302.13
1859.91 -1304.87
1863.83 -1307.61
1867.75 -1310.35
1871.67 -1313.09
1875.59 -1315.83
1879.51 -1318.57
1883.43 -1321.31
1887.35 -1324.05
1891.27 -1326.79
1895.19 -1329.53
1899.11 -1332.27
1903.03 -1335.01
1906.95 -1337.75
1910.87 -1340.49
1914.79 -1343.23
1918.71 -1345.97
1922.63 -1348.71
1926.55 -1351.45
1930.47 -1354.19
1934.39 -1356.93
1938.31 -1359.67
1942.23 -1362.41
1946.15 -1365.15
1950.07 -1367.89
1953.99 -1370.63
1957.91 -1373.37
1961.83 -1376.11
1965.75 -1378.85
1969.67 -1381.59
1973.59 -1384.33
1977.51 -1387.07
1981.43 -1389.81
1985.35 -1392.55
1989.27 -1395.29
1993.19 -1398.03
1997.11 -1400.77
2001.03 -1403.51
2004.95 -1406.25
2008.87 -1408.99
2012.79 -1411.73
2016.71 -1414.47
2020.63 -1417.21
2024.55 -1419.95
2028.47 -1422.69
2032.39 -1425.43
2036.31 -1428.17
2040.23 -1430.91
2044.15 -1433.65
2048.07 -1436.39
2051.99 -1439.13
2055.91 -1441.87
2059.83 -1444.61
2063.75 -1447.35
2067.67 -1450.09
2071.59 -1452.83
2075.51 -1455.57
2079.43 -1458.31
2083.35 -1461.05
2087.27 -1463.79
2091.19 -1466.53
2095.11 -1469.27
2099.03 -1472.01
2102.95 -1474.75
2106.87 -1477.49
2110.79 -1480.23
2114.71 -1482.97
2118.63 -1485.71
2122.55 -1488.45
2126.47 -1491.19
2130.39 -1493.93
2134.31 -1496.67
2138.23 -1499.41
2142.15 -1502.15
2146.07 -1504.89
2149.99 -1507.63
2153.91 -1510.37
2157.83 -1513.11
2161.75 -1515.85
2165.67 -1518.59
2169.59 -1521.33
2173.51 -1524.07
2177.43 -1526.81
2181.35 -1529.55
2185.27 -1532.29
2189.19 -1535.03
2193.11 -1537.77
2197.03 -1540.51
2200.95 -1543.25
2204.87 -1545.99
2208.79 -1548.73
2212.71 -1551.47
2216.63 -1554.21
2220.55 -1556.95
2224.47 -1559.69
2228.39 -1562.43
2232.31 -1565.17
2236.23 -1567.91
2240.15 -1570.65
2244.07 -1573.39
2247.99 -1576.13
2251.91 -1578.87
2255.83 -1581.61
2259.75 -1584.35
2263.67 -1587.09
2267.59 -1589.83
2271.51 -1592.57
2275.43 -1595.31
2279.35 -1598.05
2283.27 -1600.79
2287.19 -1603.53
2291.11 -1606.27
2295.03 -1609.01
2298.95 -1611.75
2302.87 -1614.49
2306.79 -1617.23
2310.71 -1619.97
2314.63 -1622.71
2318.55 -1625.45
2322.47 -1628.19
2326.39 -1630.93
2330.31 -1633.67
2334.23 -1636.41
2338.15 -1639.15
2342.07 -1641.89
2345.99 -1644.63
2349.91 -1647.37
2353.83 -1650.11
2357.74 -1652.85
2361.65 -1655.59
2365.56 -1658.33
2369.47 -1661.07
2373.38 -1663.81
2377.29 -1666.55
2381.2 -1669.29
2385.11 -1672.03
2389.02 -1674.77
2392.93 -1677.51
2396.84 -1680.25
2400.75 -1682.99
2404.66 -1685.73
2408.57 -1688.47
2412.48 -1691.21
2416.39 -1693.95
2420.3 -1696.69
2424.21 -1699.43
2428.12 -1702.17
2432.03 -1704.91
2435.94 -1707.65
2439.85 -1710.39
2443.76 -1713.13
2447.67 -1715.87
2451.58 -1718.61
2455.49 -1721.35
2459.4 -1724.09
2463.31 -1726.83
2467.22 -1729.57
2471.13 -1732.31
2475.04 -1735.05
2478.95 -1737.79
2482.86 -1740.53
2486.77 -1743.27
2490.68 -1746.01
2494.59 -1748.75
2498.5 -1751.49
2502.41 -1754.23
2506.32 -1756.97
2510.23 -1759.71
2514.14 -1762.45
2518.05 -1765.19
2521.96 -1767.93
2525.87 -1770.67
2529.78 -1773.41
2533.69 -1776.15
2537.6 -1778.89
2541.51 -1781.63
2545.42 -1784.37
2549.33 -1787.11
2553.24 -1789.85
2557.15 -1792.59
2561.06 -1795.33
2564.97 -1798.07
2568.88 -1800.81
2572.79 -1803.55
2576.7 -1806.29
2580.61 -1809.03
2584.52 -1811.77
2588.43 -1814.51
2592.34 -1817.25
2596.25 -1819.99
2600.16 -1822.73
2604.07 -1825.47
2607.98 -1828.21
2611.89 -1830.95
2615.8 -1833.69
2619.71 -1836.43
2623.62 -1839.17
2627.53 -1841.91
2631.44 -1844.65
2635.35 -1847.39
2639.26 -1850.13
2643.17 -1852.87
2647.08 -1855.61
2650.99 -1858.35
2654.9 -1861.09
2658.81 -1863.83
2662.72 -1866.57
2666.63 -1869.31
2670.54 -1872.05
2674.45 -1874.79
2678.36 -1877.53
2682.27 -1880.27
2686.18 -1883.01
2690.09 -1885.75
2694 -1888.49
2697.91 -1891.23
2701.82 -1893.97
2705.73 -1896.71
2709.64 -1899.45
2713.55 -1902.19
2717.46 -1904.93
2721.37 -1907.67
2725.28 -1910.41
2729.19 -1913.15
2733.1 -1915.89
2737.01 -1918.63
2740.92 -1921.37
2744.83 -1924.11
2748.74 -1926.85
2752.65 -1929.59
2756.56 -1932.33
2760.47 -1935.07
2764.38 -1937.81
2768.29 -1940.55
2772.2 -1943.29
2776.11 -1946.03
2780.02 -1948.77
2783.93 -1951.51
2787.84 -1954.25
2791.75 -1956.99
2795.66 -1959.73
2799.57 -1962.47
2803.48 -1965.21
2807.39 -1967.95
2811.3 -1970.69
2815.21 -1973.43
2819.12 -1976.17
2823.03 -1978.91
2826.94 -1981.65
2830.85 -1984.39
2834.76 -1987.13
2838.67 -1989.87
2842.58 -1992.61
2846.49 -1995.35
2850.4 -1998.09
2854.31 -2000.83
2858.22 -2003.57
2862.13 -2006.31
2866.04 -2009.05
2869.95 -2011.79
2873.86 -2014.53
2877.77 -2017.27
2881.68 -2020.01
2885.59 -2022.75
2889.5 -2025.49
2893.41 -2028.23
2897.32 -2030.97
2901.23 -2033.71
2905.14 -2036.45
2909.05 -2039.19
2912.96 -2041.93
2916.87 -2044.67
2920.78 -2047.41
2924.69 -2050.15
2928.6 -2052.89
2932.51 -2055.63
2936.42 -2058.37
2940.33 -2061.11
2944.24 -2063.85
2948.15 -2066.59
2952.06 -2069.33
2955.97 -2072.07
2959.88 -2074.81
2963.79 -2077.55
2967.7 -2080.29
2971.61 -2083.03
2975.52 -2085.77
2979.43 -2088.51
2983.34 -2091.25
2987.25 -2093.99
2991.16 -2096.73
2995.07 -2099.47
2998.98 -2102.21
3002.89 -2104.95
3006.8 -2107.69
3010.71 -2110.43
3014.62 -2113.17
3018.53 -2115.91
3022.44 -2118.65
3026.35 -2121.39
3030.26 -2124.13
3034.17 -2126.87
3038.08 -2129.61
3041.99 -2132.34
3045.9 -2135.07
3049.81 -2137.8
3053.72 -2140.53
3057.63 -2143.26
3061.54 -2145.99
3065.45 -2148.72
3069.36 -2151.45
3073.27 -2154.18
3077.18 -2156.91
3081.09 -2159.64
3085 -2162.37
3088.91 -2165.1
3092.82 -2167.83
3096.73 -2170.56
3100.64 -2173.29
3104.55 -2176.02
3108.46 -2178.75
3112.37 -2181.48
3116.28 -2184.21
3120.19 -2186.94
3124.1 -2189.67
3128.01 -2192.4
3131.92 -2195.13
3135.83 -2197.86
3139.74 -2200.59
3143.65 -2203.32
3147.56 -2206.05
3151.47 -2208.78
3155.38 -2211.51
3159.29 -2214.24
3163.2 -2216.97
3167.11 -2219.7
3171.02 -2222.43
3174.93 -2225.16
3178.84 -2227.89
3182.75 -2230.62
3186.66 -2233.35
3190.57 -2236.08
3194.48 -2238.81
3198.39 -2241.54
3202.3 -2244.27
3206.21 -2247
3210.12 -2249.73
3214.03 -2252.46
3217.94 -2255.19
3221.85 -2257.92
3225.76 -2260.65
3229.67 -2263.38
3233.58 -2266.11
3237.49 -2268.84
3241.4 -2271.57
3245.31 -2274.3
3249.22 -2277.03
3253.13 -2279.76
3257.04 -2282.49
3260.95 -2285.22
3264.86 -2287.95
3268.77 -2290.68
3272.68 -2293.41
3276.59 -2296.14
3280.5 -2298.87
3284.41 -2301.6
3288.32 -2304.33
3292.23 -2307.06
3296.14 -2309.79
3300.05 -2312.52
3303.96 -2315.25
3307.87 -2317.98
3311.78 -2320.71
3315.69 -2323.44
3319.6 -2326.17
3323.51 -2328.9
3327.42 -2331.63
3331.33 -2334.36
3335.24 -2337.09
3339.15 -2339.82
3343.06 -2342.55
3346.97 -2345.28
3350.88 -2348.01
3354.79 -2350.74
3358.7 -2353.47
3362.61 -2356.2
3366.52 -2358.93
3370.43 -2361.66
3374.34 -2364.39
3378.25 -2367.12
3382.16 -2369.85
3386.07 -2372.58
3389.98 -2375.31
3393.89 -2378.04
3397.8 -2380.77
3401.71 -2383.5
3405.62 -2386.23
3409.53 -2388.96
3413.44 -2391.69
3417.35 -2394.42
3421.26 -2397.15
3425.17 -2399.88
3429.08 -2402.61
3432.99 -2405.34
3436.9 -2408.07
3440.81 -2410.8
3444.72 -2413.53
3448.63 -2416.26
3452.54 -2418.99
3456.45 -2421.72
3460.36 -2424.45
3464.27 -2427.18
3468.18 -2429.91
3472.09 -2432.64
3476 -2435.37
3479.91 -2438.1
3483.82 -2440.83
3487.73 -2443.56
3491.64 -2446.29
3495.55 -2449.02
3499.46 -2451.75
3503.37 -2454.48
3507.28 -2457.21
3511.19 -2459.94
3515.1 -2462.67
3519.01 -2465.4
3522.92 -2468.13
3526.83 -2470.86
3530.74 -2473.59
3534.65 -2476.32
3538.56 -2479.05
3542.47 -2481.78
3546.38 -2484.51
3550.29 -2487.24
3554.2 -2489.97
3558.11 -2492.7
3562.02 -2495.43
3565.93 -2498.16
3569.84 -2500.89
3573.75 -2503.62
3577.66 -2506.35
3581.57 -2509.08
3585.48 -2511.81
3589.39 -2514.54
3593.3 -2517.27
3597.21 -2520
3601.12 -2522.73
3605.03 -2525.46
3608.94 -2528.19
3612.85 -2530.92
3616.76 -2533.65
3620.67 -2536.38
3624.58 -2539.11
3628.49 -2541.84
3632.4 -2544.57
3636.31 -2547.3
3640.22 -2550.03
3644.13 -2552.76
3648.04 -2555.49
3651.95 -2558.22
3655.85 -2560.95
3659.75 -2563.68
3663.65 -2566.41
3667.55 -2569.14
3671.45 -2571.87
3675.35 -2574.6
3679.25 -2577.33
3683.15 -2580.06
3687.05 -2582.79
3690.95 -2585.52
3694.85 -2588.25
3698.75 -2590.98
3702.65 -2593.71
3706.55 -2596.44
3710.45 -2599.17
3714.35 -2601.9
3718.25 -2604.63
3722.15 -2607.36
3726.05 -2610.09
3729.95 -2612.82
3733.85 -2615.55
3737.75 -2618.28
3741.65 -2621.01
3745.55 -2623.74
3749.45 -2626.47
3753.35 -2629.2
3757.25 -2631.93
3761.15 -2634.66
3765.05 -2637.39
3768.95 -2640.12
3772.85 -2642.85
3776.75 -2645.58
3780.65 -2648.31
3784.55 -2651.04
3788.45 -2653.77
3792.35 -2656.5
3796.25 -2659.23
3800.15 -2661.96
3804.05 -2664.69
3807.95 -2667.42
3811.85 -2670.15
3815.75 -2672.88
3819.65 -2675.61
3823.55 -2678.34
3827.45 -2681.07
3831.35 -2683.8
3835.25 -2686.53
3839.15 -2689.26
3843.05 -2691.99
3846.95 -2694.72
3850.85 -2697.45
3854.75 -2700.18
3858.65 -2702.91
3862.55 -2705.64
3866.45 -2708.37
3870.35 -2711.1
3874.25 -2713.83
3878.15 -2716.56
3882.05 -2719.29
3885.95 -2722.02
3889.85 -2724.75
3893.75 -2727.48
3897.65 -2730.21
3901.55 -2732.94
3905.45 -2735.67
3909.35 -2738.4
3913.25 -2741.13
3917.15 -2743.86
3921.05 -2746.59
3924.95 -2749.32
3928.85 -2752.05
3932.75 -2754.78
3936.65 -2757.51
3940.55 -2760.24
3944.45 -2762.97
3948.35 -2765.7
3952.25 -2768.43
3956.15 -2771.16
3960.05 -2773.89
3963.95 -2776.62
3967.85 -2779.35
3971.75 -2782.08
3975.65 -2784.81
3979.55 -2787.54
3983.45 -2790.27
3987.35 -2793
3991.25 -2795.73
3995.15 -2798.46
3999.05 -2801.19
4002.95 -2803.92
4006.85 -2806.65
4010.75 -2809.38
4014.65 -2812.11
4018.55 -2814.84
4022.45 -2817.57
4026.35 -2820.3
4030.25 -2823.03
4034.15 -2825.76
4038.05 -2828.49
4041.95 -2831.22
4045.85 -2833.95
4049.75 -2836.68
4053.65 -2839.41
4057.55 -2842.14
4061.45 -2844.87
4065.35 -2847.6
4069.25 -2850.33
4073.15 -2853.06
4077.05 -2855.79
4080.95 -2858.52
4084.85 -2861.25
4088.75 -2863.98
4092.65 -2866.71
4096.55 -2869.44
4100.45 -2872.17
4104.35 -2874.9
4108.25 -2877.63
4112.15 -2880.36
4116.05 -2883.09
4119.95 -2885.82
4123.85 -2888.55
4127.75 -2891.28
4131.65 -2894.01
4135.55 -2896.74
4139.45 -2899.47
4143.35 -2902.2
4147.25 -2904.93
4151.15 -2907.66
4155.05 -2910.39
4158.95 -2913.12
4162.85 -2915.85
4166.75 -2918.58
4170.65 -2921.31
4174.55 -2924.04
4178.45 -2926.77
4182.35 -2929.5
4186.25 -2932.23
4190.15 -2934.96
4194.05 -2937.69
4197.95 -2940.42
4201.85 -2943.15
4205.75 -2945.88
4209.65 -2948.61
4213.55 -2951.34
4217.45 -2954.07
4221.35 -2956.8
4225.25 -2959.53
4229.15 -2962.26
4233.05 -2964.99
4236.95 -2967.72
4240.85 -2970.45
4244.75 -2973.18
4248.65 -2975.91
4252.55 -2978.64
4256.45 -2981.37
4260.35 -2984.1
4264.25 -2986.83
4268.15 -2989.56
4272.05 -2992.29
4275.95 -2995.02
4279.85 -2997.75
4283.75 -3000.48
4287.65 -3003.21
4291.55 -3005.94
4295.45 -3008.67
4299.35 -3011.4
4303.25 -3014.13
4307.15 -3016.86
4311.05 -3019.59
4314.95 -3022.32
4318.85 -3025.05
4322.75 -3027.78
4326.65 -3030.51
4330.55 -3033.24
4334.45 -3035.97
4338.35 -3038.7
4342.25 -3041.43
4346.15 -3044.16
4350.05 -3046.89
4353.95 -3049.62
4357.85 -3052.35
4361.75 -3055.08
4365.65 -3057.81
4369.55 -3060.54
4373.45 -3063.27
4377.35 -3066
4381.25 -3068.73
4385.15 -3071.46
4389.05 -3074.19
4392.95 -3076.92
4396.85 -3079.65
4400.75 -3082.38
4404.65 -3085.11
4408.55 -3087.84
4412.45 -3090.57
4416.35 -3093.3
4420.25 -3096.03
4424.15 -3098.76
4428.05 -3101.49
4431.95 -3104.22
4435.85 -3106.95
4439.75 -3109.68
4443.65 -3112.41
4447.55 -3115.14
4451.45 -3117.87
4455.35 -3120.6
4459.25 -3123.33
4463.15 -3126.06
4467.05 -3128.79
4470.95 -3131.52
4474.85 -3134.25
4478.75 -3136.98
4482.65 -3139.71
4486.55 -3142.44
4490.45 -3145.17
4494.35 -3147.9
4498.25 -3150.63
4502.15 -3153.36
4506.05 -3156.09
4509.95 -3158.82
4513.85 -3161.55
4517.75 -3164.28
4521.65 -3167.01
4525.55 -3169.74
4529.45 -3172.47
4533.35 -3175.2
4537.25 -3177.93
4541.15 -3180.66
4545.05 -3183.39
4548.95 -3186.12
4552.85 -3188.85
4556.75 -3191.58
4560.65 -3194.31
4564.55 -3197.04
4568.45 -3199.77
4572.35 -3202.5
4576.25 -3205.23
4580.15 -3207.96
4584.05 -3210.69
4587.95 -3213.42
4591.85 -3216.15
4595.75 -3218.88
4599.65 -3221.61
4603.55 -3224.34
4607.45 -3227.07
4611.35 -3229.8
4615.25 -3232.53
4619.15 -3235.26
4623.05 -3237.99
4626.95 -3240.72
4630.85 -3243.45
4634.75 -3246.18
4638.65 -3248.91
4642.55 -3251.64
4646.45 -3254.37
4650.35 -3257.1
4654.25 -3259.83
4658.15 -3262.56
4662.05 -3265.29
4665.95 -3268.02
4669.85 -3270.75
4673.75 -3273.48
4677.65 -3276.21
4681.55 -3278.94
4685.45 -3281.67
4689.35 -3284.4
4693.25 -3287.13
4697.15 -3289.86
4701.05 -3292.59
4704.95 -3295.32
4708.85 -3298.05
4712.75 -3300.78
4716.65 -3303.51
4720.55 -3306.24
4724.45 -3308.97
4728.35 -3311.7
4732.25 -3314.43
4736.15 -3317.16
4740.05 -3319.89
4743.95 -3322.62
4747.85 -3325.35
4751.75 -3328.08
4755.65 -3330.81
4759.55 -3333.54
4763.45 -3336.27
4767.35 -3339
4771.25 -3341.73
4775.15 -3344.46
4779.05 -3347.19
4782.95 -3349.92
4786.85 -3352.65
4790.75 -3355.38
4794.65 -3358.11
4798.55 -3360.84
4802.45 -3363.57
4806.35 -3366.3
4810.25 -3369.03
4814.15 -3371.76
4818.05 -3374.49
4821.95 -3377.22
4825.85 -3379.95
4829.75 -3382.68
4833.65 -3385.41
4837.55 -3388.14
4841.45 -3390.87
4845.35 -3393.6
4849.25 -3396.33
4853.15 -3399.06
4857.05 -3401.79
4860.95 -3404.52
4864.85 -3407.25
4868.75 -3409.98
4872.65 -3412.71
4876.55 -3415.44
4880.45 -3418.17
4884.35 -3420.9
4888.25 -3423.63
4892.15 -3426.36
4896.05 -3429.09
4899.95 -3431.82
4903.85 -3434.55
4907.75 -3437.28
4911.65 -3440.01
4915.55 -3442.74
4919.45 -3445.47
4923.35 -3448.2
4927.25 -3450.93
4931.15 -3453.66
4935.05 -3456.39
4938.95 -3459.12
4942.85 -3461.85
4946.75 -3464.58
4950.65 -3467.31
4954.55 -3470.04
4958.45 -3472.77
4962.35 -3475.5
4966.25 -3478.23
4970.15 -3480.96
4974.05 -3483.69
4977.95 -3486.42
4981.85 -3489.15
4985.75 -3491.88
4989.65 -3494.61
4993.55 -3497.34
4997.45 -3500.07
5001.35 -3502.8
5005.25 -3505.53
5009.15 -3508.26
5013.05 -3510.99
5016.95 -3513.72
5020.85 -3516.45
5024.75 -3519.18
5028.65 -3521.91
5032.55 -3524.64
5036.45 -3527.37
5040.35 -3530.1
5044.25 -3532.83
5048.15 -3535.56
5052.05 -3538.29
5055.95 -3541.02
5059.85 -3543.75
5063.75 -3546.48
5067.65 -3549.21
5071.55 -3551.94
5075.45 -3554.67
5079.35 -3557.4
5083.25 -3560.13
5087.15 -3562.86
5091.05 -3565.59
5094.95 -3568.32
5098.85 -3571.05
5102.75 -3573.78
5106.65 -3576.51
5110.55 -3579.24
5114.45 -3581.97
5118.35 -3584.7
5122.25 -3587.43
5126.15 -3590.16
5130.05 -3592.89
5133.95 -3595.62
5137.85 -3598.35
5141.75 -3601.08
5145.65 -3603.81
5149.55 -3606.54
5153.45 -3609.27
5157.35 -3612
5161.25 -3614.73
5165.15 -3617.46
5169.05 -3620.19
5172.95 -3622.92
5176.85 -3625.65
5180.75 -3628.38
5184.65 -3631.11
5188.55 -3633.84
5192.45 -3636.57
5196.35 -3639.3
5200.25 -3642.03
5204.15 -3644.76
5208.05 -3647.49
5211.95 -3650.22
5215.85 -3652.95
5219.75 -3655.68
5223.65 -3658.41
5227.55 -3661.14
5231.45 -3663.87
5235.35 -3666.6
5239.25 -3669.33
5243.15 -3672.06
5247.05 -3674.79
5250.95 -3677.52
5254.85 -3680.25
5258.75 -3682.98
5262.65 -3685.71
5266.55 -3688.44
5270.45 -3691.17
5274.35 -3693.9
5278.25 -3696.63
5282.15 -3699.36
5286.05 -3702.09
5289.95 -3704.82
5293.85 -3707.55
5297.75 -3710.28
5301.65 -3713.01
5305.55 -3715.74
5309.45 -3718.47
5313.35 -3721.2
5317.25 -3723.93
5321.15 -3726.66
5325.05 -3729.39
5328.95 -3732.12
5332.85 -3734.85
5336.75 -3737.58
5340.65 -3740.31
5344.55 -3743.04
5348.45 -3745.77
5352.35 -3748.5
5356.25 -3751.23
5360.15 -3753.96
5364.05 -3756.69
5367.95 -3759.42
5371.85 -3762.15
5375.75 -3764.88
5379.65 -3767.61
5383.55 -3770.34
5387.45 -3773.07
5391.35 -3775.8
5395.25 -3778.53
5399.15 -3781.26
5403.05 -3783.99
5406.95 -3786.72
5410.85 -3789.45
5414.75 -3792.18
5418.65 -3794.91
5422.55 -3797.64
5426.45 -3800.37
5430.35 -3803.1
5434.25 -3805.83
5438.15 -3808.56
5442.05 -3811.29
5445.95 -3814.02
5449.85 -3816.75
5453.75 -3819.48
5457.65 -3822.21
5461.55 -3824.94
5465.45 -3827.67
5469.35 -3830.4
5473.25 -3833.13
5477.15 -3835.86
5481.05 -3838.59
5484.95 -3841.32
5488.85 -3844.05
5492.75 -3846.78
5496.65 -3849.51
5500.55 -3852.24
5504.45 -3854.97
5508.35 -3857.7
5512.25 -3860.43
5516.15 -3863.16
5520.05 -3865.89
5523.95 -3868.62
5527.85 -3871.35
5531.75 -3874.08
5535.65 -3876.81
5539.55 -3879.54
5543.45 -3882.27
5547.35 -3885
5551.25 -3887.73
5555.15 -3890.46
5559.05 -3893.19
5562.95 -3895.92
5566.85 -3898.65
5570.75 -3901.38
5574.65 -3904.11
5578.55 -3906.84
5582.45 -3909.57
5586.35 -3912.3
5590.25 -3915.03
5594.15 -3917.76
5598.05 -3920.49
5601.95 -3923.22
5605.85 -3925.95
5609.75 -3928.68
5613.65 -3931.41
5617.55 -3934.14
5621.45 -3936.87
5625.35 -3939.6
5629.25 -3942.33
5633.15 -3945.06
5637.05 -3947.79
5640.95 -3950.52
5644.85 -3953.25
5648.75 -3955.98
5652.65 -3958.71
5656.55 -3961.44
5660.45 -3964.17
5664.35 -3966.9
5668.25 -3969.63
5672.15 -3972.36
5676.05 -3975.09
5679.95 -3977.82
5683.85 -3980.55
5687.75 -3983.28
5691.65 -3986.01
5695.55 -3988.74
5699.45 -3991.47
5703.35 -3994.2
5707.25 -3996.93
5711.15 -3999.66
5715.05 -4002.39
5718.95 -4005.12
5722.85 -4007.85
5726.75 -4010.58
5730.65 -4013.31
5734.55 -4016.04
5738.45 -4018.77
5742.35 -4021.5
5746.25 -4024.23
5750.15 -4026.96
5754.05 -4029.69
5757.95 -4032.42
5761.85 -4035.15
5765.75 -4037.88
5769.65 -4040.61
5773.55 -4043.34
5777.45 -4046.07
5781.35 -4048.8
5785.25 -4051.53
5789.15 -4054.26
5793.05 -4056.99
5796.95 -4059.72
5800.85 -4062.45
5804.75 -4065.18
5808.65 -4067.91
5812.55 -4070.64
5816.45 -4073.37
5820.35 -4076.1
5824.25 -4078.83
5828.15 -4081.56
5832.05 -4084.29
5835.95 -4087.02
5839.85 -4089.75
5843.75 -4092.48
5847.65 -4095.21
5851.55 -4097.94
5855.45 -4100.67
5859.35 -4103.4
5863.25 -4106.13
5867.15 -4108.86
5871.05 -4111.59
5874.95 -4114.32
5878.85 -4117.05
5882.75 -4119.78
5886.65 -4122.51
5890.55 -4125.24
5894.45 -4127.97
5898.35 -4130.7
5902.25 -4133.43
5906.15 -4136.16
5910.05 -4138.89
5913.95 -4141.62
5917.85 -4144.35
5921.75 -4147.08
5925.65 -4149.81
5929.55 -4152.54
5933.45 -4155.27
5937.35 -4158
5941.25 -4160.73
5945.15 -4163.46
5949.05 -4166.19
5952.95 -4168.92
5956.85 -4171.65
5960.75 -4174.38
5964.65 -4177.11
5968.55 -4179.84
5972.45 -4182.57
5976.35 -4185.3
5980.25 -4188.03
5984.15 -4190.76
5988.05 -4193.49
5991.95 -4196.22
5995.85 -4198.95
5999.75 -4201.68
6003.65 -4204.41
6007.55 -4207.14
6011.45 -4209.87
6015.35 -4212.6
6019.25 -4215.33
6023.15 -4218.06
6027.05 -4220.79
6030.95 -4223.52
6034.85 -4226.25
6038.75 -4228.98
6042.65 -4231.71
6046.55 -4234.44
6050.45 -4237.17
6054.35 -4239.9
6058.25 -4242.63
6062.15 -4245.36
6066.05 -4248.09
6069.95 -4250.82
6073.85 -4253.55
6077.75 -4256.28
6081.65 -4259.01
6085.55 -4261.74
6089.45 -4264.47
6093.35 -4267.2
6097.25 -4269.93
6101.15 -4272.66
6105.05 -4275.39
6108.95 -4278.12
6112.85 -4280.85
6116.75 -4283.58
6120.65 -4286.31
6124.55 -4289.04
6128.45 -4291.77
6132.35 -4294.5
6136.25 -4297.23
6140.15 -4299.96
6144.05 -4302.69
6147.95 -4305.42
6151.85 -4308.15
6155.75 -4310.88
6159.65 -4313.61
6163.55 -4316.34
6167.45 -4319.07
6171.35 -4321.8
6175.25 -4324.53
6179.15 -4327.26
6183.05 -4329.99
6186.95 -4332.72
6190.85 -4335.45
6194.75 -4338.18
6198.65 -4340.91
6202.55 -4343.64
6206.45 -4346.37
6210.35 -4349.1
6214.25 -4351.83
6218.15 -4354.56
6222.05 -4357.29
6225.95 -4360.02
6229.85 -4362.75
6233.75 -4365.48
6237.65 -4368.21
6241.55 -4370.94
6245.45 -4373.67
6249.35 -4376.4
6253.25 -4379.13
6257.15 -4381.86
6261.05 -4384.59
6264.95 -4387.32
6268.85 -4390.05
6272.75 -4392.78
6276.65 -4395.51
6280.55 -4398.24
6284.45 -4400.97
6288.35 -4403.7
6292.25 -4406.43
6296.15 -4409.16
6300.05 -4411.89
6303.95 -4414.62
6307.85 -4417.35
6311.75 -4420.08
6315.65 -4422.81
6319.55 -4425.54
6323.45 -4428.27
6327.35 -4431
6331.25 -4433.73
6335.15 -4436.46
6339.05 -4439.19
6342.95 -4441.92
6346.85 -4444.65
6350.75 -4447.38
6354.65 -4450.11
6358.55 -4452.84
6362.45 -4455.57
6366.35 -4458.3
6370.25 -4461.03
6374.15 -4463.76
6378.05 -4466.49
6381.95 -4469.22
6385.85 -4471.95
6389.75 -4474.68
6393.65 -4477.41
6397.55 -4480.14
6401.45 -4482.87
6405.35 -4485.6
6409.25 -4488.33
6413.15 -4491.06
6417.05 -4493.79
6420.95 -4496.52
6424.85 -4499.25
6428.75 -4501.98
6432.65 -4504.71
6436.55 -4507.44
6440.45 -4510.17
6444.35 -4512.9
6448.25 -4515.63
6452.15 -4518.36
6456.05 -4521.09
6459.95 -4523.82
6463.85 -4526.55
6467.75 -4529.28
6471.65 -4532.01
6475.55 -4534.74
6479.45 -4537.47
6483.35 -4540.2
6487.25 -4542.93
6491.15 -4545.66
6495.05 -4548.39
6498.95 -4551.12
6502.85 -4553.85
6506.75 -4556.58
6510.65 -4559.31
6514.55 -4562.04
6518.45 -4564.77
6522.35 -4567.5
6526.25 -4570.23
6530.15 -4572.96
6534.05 -4575.69
6537.95 -4578.42
6541.85 -4581.15
6545.75 -4583.88
6549.65 -4586.61
6553.55 -4589.34
6557.45 -4592.07
6561.35 -4594.8
6565.25 -4597.53
6569.15 -4600.26
6573.05 -4602.99
6576.95 -4605.72
6580.85 -4608.45
6584.75 -4611.18
6588.65 -4613.91
6592.55 -4616.64
6596.45 -4619.37
6600.35 -4622.1
6604.25 -4624.83
6608.15 -4627.56
6612.05 -4630.29
6615.95 -4633.02
6619.85 -4635.75
6623.75 -4638.48
6627.65 -4641.21
6631.55 -4643.94
6635.45 -4646.67
6639.35 -4649.4
6643.25 -4652.13
6647.15 -4654.86
6651.05 -4657.59
6654.95 -4660.32
6658.85 -4663.05
6662.75 -4665.78
6666.65 -4668.51
6670.55 -4671.24
6674.45 -4673.97
6678.35 -4676.7
6682.25 -4679.43
6686.15 -4682.16
6690.05 -4684.89
6693.95 -4687.62
6697.85 -4690.35
6701.75 -4693.08
6705.65 -4695.81
6709.55 -4698.54
6713.45 -4701.27
6717.35 -4704
6721.25 -4706.73
6725.15 -4709.46
6729.05 -4712.19
6732.95 -4714.92
6736.85 -4717.65
6740.75 -4720.38
6744.65 -4723.11
6748.55 -4725.84
6752.45 -4728.57
6756.35 -4731.3
6760.25 -4734.03
6764.15 -4736.76
6768.05 -4739.49
6771.95 -4742.22
6775.85 -4744.95
6779.75 -4747.68
6783.65 -4750.41
6787.55 -4753.14
6791.45 -4755.87
6795.35 -4758.6
6799.25 -4761.33
6803.15 -4764.06
6807.05 -4766.79
6810.95 -4769.52
6814.85 -4772.25
6818.75 -4774.98
6822.65 -4777.71
6826.55 -4780.44
6830.45 -4783.17
6834.35 -4785.9
6838.25 -4788.63
6842.15 -4791.36
6846.05 -4794.09
6849.95 -4796.82
6853.85 -4799.55
6857.75 -4802.28
6861.65 -4805.01
6865.55 -4807.74
6869.45 -4810.47
6873.35 -4813.2
6877.25 -4815.93
6881.15 -4818.66
6885.05 -4821.39
6888.95 -4824.12
6892.85 -4826.85
6896.75 -4829.58
6900.65 -4832.31
6904.55 -4835.04
6908.45 -4837.77
6912.35 -4840.5
6916.25 -4843.23
6920.15 -4845.96
6924.05 -4848.69
6927.95 -4851.42
6931.85 -4854.15
6935.75 -4856.88
6939.65 -4859.61
6943.55 -4862.34
6947.45 -4865.07
6951.35 -4867.8
6955.25 -4870.53
6959.15 -4873.26
6963.05 -4875.99
6966.95 -4878.72
6970.85 -4881.45
6974.75 -4884.18
6978.65 -4886.91
6982.55 -4889.64
6986.45 -4892.37
6990.35 -4895.1
6994.25 -4897.83
6998.15 -4900.56
7002.05 -4903.29
7005.95 -4906.02
7009.85 -4908.75
7013.75 -4911.48
7017.65 -4914.21
7021.55 -4916.94
7025.45 -4919.67
7029.35 -4922.4
7033.25 -4925.13
7037.15 -4927.86
7041.05 -4930.59
7044.95 -4933.32
7048.85 -4936.05
7052.75 -4938.78
7056.65 -4941.51
7060.55 -4944.24
7064.45 -4946.97
7068.35 -4949.7
7072.25 -4952.43
7076.15 -4955.16
7080.05 -4957.89
7083.95 -4960.62
7087.85 -4963.35
7091.75 -4966.08
7095.65 -4968.81
7099.55 -4971.54
7103.45 -4974.27
7107.35 -4977
7111.25 -4979.73
7115.15 -4982.46
7119.05 -4985.19
7122.95 -4987.92
7126.85 -4990.65
7130.75 -4993.38
7134.65 -4996.11
7138.55 -4998.84
7142.45 -5001.57
7146.35 -5004.3
7150.25 -5007.03
7154.15 -5009.76
7158.05 -5012.49
7161.95 -5015.22
7165.85 -5017.95
7169.75 -5020.68
7173.65 -5023.41
7177.55 -5026.14
7181.45 -5028.87
7185.35 -5031.6
7189.25 -5034.33
7193.15 -5037.06
7197.05 -5039.79
7200.95 -5042.52
7204.85 -5045.25
7208.75 -5047.98
7212.65 -5050.71
7216.55 -5053.44
7220.45 -5056.17
7224.35 -5058.9
7228.25 -5061.63
7232.15 -5064.36
7236.05 -5067.09
7239.95 -5069.82
7243.85 -5072.55
7247.75 -5075.28
7251.65 -5078.01
7255.55 -5080.74
7259.45 -5083.47
7263.35 -5086.2
7267.25 -5088.93
7271.15 -5091.66
7275.05 -5094.39
7278.95 -5097.12
7282.85 -5099.85
7286.75 -5102.58
7290.65 -5105.31
7294.55 -5108.04
7298.45 -5110.77
7302.35 -5113.5
7306.25 -5116.23
7310.15 -5118.96
7314.05 -5121.69
7317.95 -5124.42
7321.85 -5127.15
7325.75 -5129.88
7329.65 -5132.61
7333.55 -5135.34
7337.45 -5138.07
7341.35 -5140.8
7345.25 -5143.53
7349.15 -5146.26
7353.05 -5148.99
7356.95 -5151.72
7360.85 -5154.45
7364.75 -5157.18
7368.65 -5159.91
7372.55 -5162.64
7376.45 -5165.37
7380.35 -5168.1
7384.25 -5170.83
7388.15 -5173.56
7392.05 -5176.29
7395.95 -5179.02
7399.85 -5181.75
7403.75 -5184.48
7407.65 -5187.21
7411.55 -5189.94
7415.45 -5192.67
7419.35 -5195.4
7423.25 -5198.13
7427.15 -5200.86
7431.05 -5203.59
7434.95 -5206.32
7438.85 -5209.05
7442.75 -5211.78
7446.65 -5214.51
7450.55 -5217.24
7454.45 -5219.97
7458.35 -5222.7
7462.25 -5225.43
7466.15 -5228.16
7470.05 -5230.89
7473.95 -5233.62
7477.85 -5236.35
7481.75 -5239.08
7485.65 -5241.81
7489.55 -5244.54
7493.45 -5247.27
7497.35 -5250
7501.25 -5252.73
7505.15 -5255.46
7509.05 -5258.19
7512.95 -5260.92
7516.85 -5263.65
7520.75 -5266.38
7524.65 -5269.11
7528.55 -5271.84
7532.45 -5274.57
7536.35 -5277.3
7540.25 -5280.03
7544.15 -5282.76
7548.05 -5285.49
7551.95 -5288.22
7555.85 -5290.95
7559.75 -5293.68
7563.65 -5296.41
7567.55 -5299.14
7571.45 -5301.87
7575.35 -5304.6
7579.25 -5307.33
7583.15 -5310.06
7587.05 -5312.79
7590.95 -5315.52
7594.85 -5318.25
7598.75 -5320.98
7602.65 -5323.71
7606.55 -5326.44
7610.45 -5329.17
7614.35 -5331.9
7618.25 -5334.63
7622.15 -5337.36
7626.05 -5340.09
7629.95 -5342.82
7633.85 -5345.55
7637.75 -5348.28
7641.65 -5351.01
7645.55 -5353.74
7649.45 -5356.47
7653.35 -5359.2
7657.25 -5361.93
7661.15 -5364.66
7665.05 -5367.39
7668.95 -5370.12
7672.85 -5372.85
7676.75 -5375.58
7680.65 -5378.31
7684.55 -5381.04
7688.45 -5383.77
7692.35 -5386.5
7696.25 -5389.23
7700.15 -5391.96
7704.05 -5394.69
7707.95 -5397.42
7711.85 -5400.15
7715.75 -5402.88
7719.65 -5405.61
7723.55 -5408.34
7727.45 -5411.07
7731.35 -5413.8
7735.25 -5416.53
7739.15 -5419.26
7743.05 -5421.99
7746.95 -5424.72
7750.85 -5427.45
7754.75 -5430.18
7758.65 -5432.91
7762.55 -5435.64
7766.45 -5438.37
7770.35 -5441.1
7774.25 -5443.83
7778.15 -5446.56
7782.05 -5449.29
7785.95 -5452.02
7789.85 -5454.75
7793.75 -5457.48
7797.65 -5460.21
7801.55 -5462.94
7805.45 -5465.67
7809.35 -5468.4
7813.25 -5471.13
7817.15 -5473.86
7821.05 -5476.59
7824.95 -5479.32
7828.85 -5482.05
7832.75 -5484.78
7836.65 -5487.51
7840.55 -5490.24
7844.45 -5492.97
7848.35 -5495.7
7852.25 -5498.43
7856.15 -5501.16
7860.05 -5503.89
7863.95 -5506.62
7867.85 -5509.35
7871.75 -5512.08
7875.65 -5514.81
7879.55 -5517.54
7883.45 -5520.27
7887.35 -5523
7891.25 -5525.73
7895.15 -5528.46
7899.05 -5531.19
7902.95 -5533.92
7906.85 -5536.65
7910.75 -5539.38
7914.65 -5542.11
7918.55 -5544.84
7922.45 -5547.57
7926.35 -5550.3
7930.25 -5553.03
7934.15 -5555.76
7938.05 -5558.49
7941.95 -5561.22
7945.85 -5563.95
7949.75 -5566.68
7953.65 -5569.41
7957.55 -5572.14
7961.45 -5574.87
7965.35 -5577.6
7969.25 -5580.33
7973.15 -5583.06
7977.05 -5585.79
7980.95 -5588.52
7984.85 -5591.25
7988.75 -5593.98
7992.65 -5596.71
7996.55 -5599.44
8000.45 -5602.17
8004.35 -5604.9
8008.25 -5607.63
8012.15 -5610.36
8016.05 -5613.09
8019.95 -5615.82
8023.85 -5618.55
8027.75 -5621.28
8031.65 -5624.01
8035.55 -5626.74
8039.45 -5629.47
8043.35 -5632.2
8047.25 -5634.93
8051.15 -5637.66
8055.05 -5640.39
8058.95 -5643.12
8062.85 -5645.85
8066.75 -5648.58
8070.65 -5651.31
8074.55 -5654.04
8078.45 -5656.77
8082.35 -5659.5
8086.25 -5662.23
8090.15 -5664.96
8094.05 -5667.69
8097.95 -5670.42
8101.85 -5673.15
8105.75 -5675.88
8109.65 -5678.61
8113.55 -5681.34
8117.45 -5684.07
8121.35 -5686.8
8125.25 -5689.53
8129.15 -5692.26
8133.05 -5694.99
8136.95 -5697.72
8140.85 -5700.45
8144.75 -5703.18
8148.65 -5705.91
8152.55 -5708.64
8156.45 -5711.37
8160.35 -5714.1
8164.25 -5716.83
8168.15 -5719.56
8172.05 -5722.29
8175.95 -5725.02
8179.85 -5727.75
8183.75 -5730.48
8187.65 -5733.21
8191.55 -5735.94
8195.45 -5738.67
8199.35 -5741.4
8203.25 -5744.13
8207.15 -5746.86
8211.05 -5749.59
8214.95 -5752.32
8218.85 -5755.05
8222.75 -5757.78
8226.65 -5760.51
8230.55 -5763.24
8234.45 -5765.97
8238.35 -5768.7
8242.25 -5771.43
8246.15 -5774.16
8250.05 -5776.89
8253.95 -5779.62
8257.85 -5782.35
8261.75 -5785.08
8265.65 -5787.81
8269.55 -5790.54
8273.45 -5793.27
8277.35 -5796
8281.25 -5798.73
8285.15 -5801.46
8289.05 -5804.19
8292.95 -5806.92
8296.85 -5809.65
8300.75 -5812.38
8304.65 -5815.11
8308.55 -5817.84
8312.45 -5820.57
8316.35 -5823.3
8320.25 -5826.03
8324.15 -5828.76
8328.05 -5831.49
8331.95 -5834.22
8335.85 -5836.95
8339.75 -5839.68
8343.65 -5842.41
8347.55 -5845.14
8351.45 -5847.87
8355.35 -5850.6
8359.24 -5853.33
8363.13 -5856.06
8367.02 -5858.79
8370.91 -5861.52
8374.8 -5864.25
8378.69 -5866.98
8382.58 -5869.71
8386.47 -5872.44
8390.36 -5875.17
8394.25 -5877.9
8398.14 -5880.63
8402.03 -5883.36
8405.92 -5886.09
8409.81 -5888.82
8413.7 -5891.55
8417.59 -5894.28
8421.48 -5897.01
8425.37 -5899.74
8429.26 -5902.47
8433.15 -5905.2
8437.04 -5907.93
8440.93 -5910.66
8444.82 -5913.39
8448.71 -5916.12
8452.6 -5918.85
8456.49 -5921.58
8460.38 -5924.31
8464.27 -5927.04
8468.16 -5929.77
8472.05 -5932.5
8475.94 -5935.23
8479.83 -5937.96
8483.72 -5940.69
8487.61 -5943.42
8491.5 -5946.15
8495.39 -5948.88
8499.28 -5951.61
8503.17 -5954.34
8507.06 -5957.07
8510.95 -5959.8
8514.84 -5962.53
8518.73 -5965.26
8522.62 -5967.99
8526.51 -5970.72
8530.4 -5973.45
8534.29 -5976.18
8538.18 -5978.91
8542.07 -5981.64
8545.96 -5984.37
8549.85 -5987.1
8553.74 -5989.83
8557.63 -5992.56
8561.52 -5995.29
8565.41 -5998.02
8569.3 -6000.75
8573.19 -6003.48
8577.08 -6006.21
8580.97 -6008.94
8584.86 -6011.67
8588.75 -6014.4
8592.64 -6017.13
8596.53 -6019.86
8600.42 -6022.59
8604.31 -6025.32
8608.2 -6028.05
8612.09 -6030.78
8615.98 -6033.51
8619.87 -6036.24
8623.76 -6038.97
8627.65 -6041.7
8631.54 -6044.43
8635.43 -6047.16
8639.32 -6049.89
8643.21 -6052.62
8647.1 -6055.35
8650.99 -6058.08
8654.88 -6060.81
8658.77 -6063.54
8662.66 -6066.27
8666.55 -6069
8670.44 -6071.73
8674.33 -6074.46
8678.22 -6077.19
8682.11 -6079.92
8686 -6082.65
8689.89 -6085.38
8693.78 -6088.11
8697.67 -6090.84
8701.56 -6093.57
8705.45 -6096.3
8709.34 -6099.03
8713.23 -6101.76
8717.12 -6104.49
8721.01 -6107.22
8724.9 -6109.95
8728.79 -6112.68
8732.68 -6115.41
8736.57 -6118.14
8740.46 -6120.87
8744.35 -6123.6
8748.24 -6126.33
8752.13 -6129.06
8756.02 -6131.79
8759.91 -6134.52
8763.8 -6137.25
8767.69 -6139.98
8771.58 -6142.71
8775.47 -6145.44
8779.36 -6148.17
8783.25 -6150.9
8787.14 -6153.63
8791.03 -6156.36
8794.92 -6159.09
8798.81 -6161.82
8802.7 -6164.55
8806.59 -6167.28
8810.48 -6170.01
8814.37 -6172.74
8818.26 -6175.47
8822.15 -6178.2
8826.04 -6180.93
8829.93 -6183.66
8833.82 -6186.39
8837.71 -6189.12
8841.6 -6191.85
8845.49 -6194.58
8849.38 -6197.31
8853.27 -6200.04
8857.16 -6202.77
8861.05 -6205.5
8864.94 -6208.23
8868.83 -6210.96
8872.72 -6213.69
8876.61 -6216.42
8880.5 -6219.15
8884.39 -6221.88
8888.28 -6224.61
8892.17 -6227.34
8896.06 -6230.07
8899.95 -6232.8
8903.84 -6235.53
8907.73 -6238.26
8911.62 -6240.99
8915.51 -6243.72
8919.4 -6246.45
8923.29 -6249.18
8927.18 -6251.91
8931.07 -6254.64
8934.96 -6257.37
8938.85 -6260.1
8942.74 -6262.83
8946.63 -6265.56
8950.52 -6268.29
8954.41 -6271.02
8958.3 -6273.75
8962.19 -6276.48
8966.08 -6279.21
8969.97 -6281.94
8973.86 -6284.67
8977.75 -6287.4
8981.64 -6290.13
8985.53 -6292.86
8989.42 -6295.59
8993.31 -6298.32
8997.2 -6301.05
9001.09 -6303.78
9004.98 -6306.51
9008.87 -6309.24
9012.76 -6311.97
9016.65 -6314.7
9020.54 -6317.43
9024.43 -6320.16
9028.32 -6322.89
9032.21 -6325.62
9036.1 -6328.35
9039.99 -6331.08
9043.88 -6333.81
9047.77 -6336.54
9051.66 -6339.27
9055.55 -6342
9059.44 -6344.73
9063.33 -6347.46
9067.22 -6350.19
9071.11 -6352.92
9075 -6355.65
9078.89 -6358.38
9082.78 -6361.11
9086.67 -6363.83
9090.56 -6366.55
9094.45 -6369.27
9098.34 -6371.99
9102.23 -6374.71
9106.12 -6377.43
9110.01 -6380.15
9113.9 -6382.87
9117.79 -6385.59
9121.68 -6388.31
9125.57 -6391.03
9129.46 -6393.75
9133.35 -6396.47
9137.24 -6399.19
9141.13 -6401.91
9145.02 -6404.63
9148.91 -6407.35
9152.8 -6410.07
9156.69 -6412.79
9160.58 -6415.51
9164.47 -6418.23
9168.36 -6420.95
9172.25 -6423.67
9176.14 -6426.39
9180.03 -6429.11
9183.92 -6431.83
9187.81 -6434.55
9191.7 -6437.27
9195.59 -6439.99
9199.48 -6442.71
9203.37 -6445.43
9207.26 -6448.15
9211.15 -6450.87
9215.04 -6453.59
9218.93 -6456.31
9222.82 -6459.03
9226.71 -6461.75
9230.6 -6464.47
9234.49 -6467.19
9238.38 -6469.91
9242.27 -6472.63
9246.16 -6475.35
9250.05 -6478.07
9253.94 -6480.79
9257.83 -6483.51
9261.72 -6486.23
9265.61 -6488.95
9269.5 -6491.67
9273.39 -6494.39
9277.28 -6497.11
9281.17 -6499.83
9285.06 -6502.55
9288.95 -6505.27
9292.84 -6507.99
9296.73 -6510.71
9300.62 -6513.43
9304.51 -6516.15
9308.4 -6518.87
9312.29 -6521.59
9316.18 -6524.31
9320.07 -6527.03
9323.96 -6529.75
9327.85 -6532.47
9331.74 -6535.19
9335.63 -6537.91
9339.52 -6540.63
9343.41 -6543.35
9347.3 -6546.07
9351.19 -6548.79
9355.08 -6551.51
9358.97 -6554.23
9362.86 -6556.95
9366.75 -6559.67
9370.64 -6562.39
9374.53 -6565.11
9378.42 -6567.83
9382.31 -6570.55
9386.2 -6573.27
9390.09 -6575.99
9393.98 -6578.71
9397.87 -6581.43
9401.76 -6584.15
9405.65 -6586.87
9409.54 -6589.59
9413.43 -6592.31
9417.32 -6595.03
9421.21 -6597.75
9425.1 -6600.47
9428.99 -6603.19
9432.88 -6605.91
9436.77 -6608.63
9440.66 -6611.35
9444.55 -6614.07
9448.44 -6616.79
9452.33 -6619.51
9456.22 -6622.23
9460.11 -6624.95
9464 -6627.67
9467.89 -6630.39
9471.78 -6633.11
9475.67 -6635.83
9479.56 -6638.55
9483.45 -6641.27
9487.34 -6643.99
9491.23 -6646.71
9495.12 -6649.43
9499.01 -6652.15
9502.9 -6654.87
9506.79 -6657.59
9510.68 -6660.31
9514.57 -6663.03
9518.46 -6665.75
9522.35 -6668.47
9526.24 -6671.19
9530.13 -6673.91
9534.02 -6676.63
9537.91 -6679.35
9541.8 -6682.07
9545.69 -6684.79
9549.58 -6687.51
9553.47 -6690.23
9557.36 -6692.95
9561.25 -6695.67
9565.14 -6698.39
9569.03 -6701.11
9572.92 -6703.83
9576.81 -6706.55
9580.7 -6709.27
9584.59 -6711.99
9588.48 -6714.71
9592.37 -6717.43
9596.26 -6720.15
9600.15 -6722.87
9604.04 -6725.59
9607.93 -6728.31
9611.82 -6731.03
9615.71 -6733.75
9619.6 -6736.47
9623.49 -6739.19
9627.38 -6741.91
9631.27 -6744.63
9635.16 -6747.35
9639.05 -6750.07
9642.94 -6752.79
9646.83 -6755.51
9650.72 -6758.23
9654.61 -6760.95
9658.5 -6763.67
9662.39 -6766.39
9666.28 -6769.11
9670.17 -6771.83
9674.06 -6774.55
9677.95 -6777.27
9681.84 -6779.99
9685.73 -6782.71
9689.62 -6785.43
9693.51 -6788.15
9697.4 -6790.87
9701.29 -6793.59
9705.18 -6796.31
9709.07 -6799.03
9712.96 -6801.75
9716.85 -6804.47
9720.74 -6807.19
9724.63 -6809.91
9728.52 -6812.63
9732.41 -6815.35
9736.3 -6818.07
9740.19 -6820.79
9744.08 -6823.51
9747.97 -6826.23
9751.86 -6828.95
9755.75 -6831.67
9759.64 -6834.39
9763.53 -6837.11
9767.42 -6839.83
9771.31 -6842.55
9775.2 -6845.27
9779.09 -6847.99
9782.98 -6850.71
9786.87 -6853.43
9790.76 -6856.15
9794.65 -6858.87
9798.54 -6861.59
9802.43 -6864.31
9806.32 -6867.03
9810.21 -6869.75
9814.1 -6872.47
9817.99 -6875.19
9821.88 -6877.91
9825.77 -6880.63
9829.66 -6883.35
9833.55 -6886.07
9837.44 -6888.79
9841.33 -6891.51
9845.22 -6894.23
9849.11 -6896.95
9853 -6899.67
9856.89 -6902.39
9860.78 -6905.11
9864.67 -6907.83
9868.56 -6910.55
9872.45 -6913.27
9876.34 -6915.99
9880.23 -6918.71
9884.12 -6921.43
9888.01 -6924.15
9891.9 -6926.87
9895.79 -6929.59
9899.68 -6932.31
9903.57 -6935.03
9907.46 -6937.75
9911.35 -6940.47
9915.24 -6943.19
9919.13 -6945.91
9923.02 -6948.63
9926.91 -6951.35
9930.8 -6954.07
9934.69 -6956.79
9938.58 -6959.51
9942.47 -6962.23
9946.36 -6964.95
9950.25 -6967.67
9954.14 -6970.39
9958.03 -6973.11
9961.92 -6975.83
9965.81 -6978.55
9969.7 -6981.27
9973.59 -6983.99
9977.48 -6986.71
9981.37 -6989.43
9985.26 -6992.15
9989.15 -6994.87
9993.04 -6997.59
9996.93 -7000.31
10000.8 -7003.03
10004.7 -7005.75
10008.6 -7008.47
10012.5 -7011.19
10016.4 -7013.91
10020.3 -7016.63
10024.2 -7019.35
10028.1 -7022.07
10032 -7024.79
10035.9 -7027.51
10039.8 -7030.23
10043.7 -7032.95
10047.6 -7035.67
10051.5 -7038.39
10055.4 -7041.11
10059.3 -7043.83
10063.2 -7046.55
10067.1 -7049.27
10071 -7051.99
10074.9 -7054.71
10078.8 -7057.43
10082.7 -7060.15
10086.6 -7062.87
10090.5 -7065.59
10094.4 -7068.31
10098.3 -7071.03
10102.2 -7073.75
10106.1 -7076.47
10110 -7079.19
10113.9 -7081.91
10117.8 -7084.63
10121.7 -7087.35
10125.6 -7090.07
10129.5 -7092.79
10133.4 -7095.51
10137.3 -7098.23
10141.2 -7100.95
10145.1 -7103.67
10149 -7106.39
10152.9 -7109.11
10156.8 -7111.83
10160.7 -7114.55
10164.6 -7117.27
10168.5 -7119.99
10172.4 -7122.71
10176.3 -7125.43
10180.2 -7128.15
10184.1 -7130.87
10188 -7133.59
10191.9 -7136.31
10195.8 -7139.03
10199.7 -7141.75
10203.6 -7144.47
10207.5 -7147.19
10211.4 -7149.91
10215.3 -7152.63
10219.2 -7155.35
10223.1 -7158.07
10227 -7160.79
10230.9 -7163.51
10234.8 -7166.23
10238.7 -7168.95
10242.6 -7171.67
10246.5 -7174.39
10250.4 -7177.11
10254.3 -7179.83
10258.2 -7182.55
10262.1 -7185.27
10266 -7187.99
10269.9 -7190.71
10273.8 -7193.43
10277.7 -7196.15
10281.6 -7198.87
10285.5 -7201.59
10289.4 -7204.31
10293.3 -7207.03
10297.2 -7209.75
10301.1 -7212.47
10305 -7215.19
10308.9 -7217.91
10312.8 -7220.63
10316.7 -7223.35
10320.6 -7226.07
10324.5 -7228.79
10328.4 -7231.51
10332.3 -7234.23
10336.2 -7236.95
10340.1 -7239.67
10344 -7242.39
10347.9 -7245.11
10351.8 -7247.83
10355.7 -7250.55
10359.6 -7253.27
10363.5 -7255.99
10367.4 -7258.71
10371.3 -7261.43
10375.2 -7264.15
10379.1 -7266.87
10383 -7269.59
10386.9 -7272.31
10390.8 -7275.03
10394.7 -7277.75
10398.6 -7280.47
10402.5 -7283.19
10406.4 -7285.91
10410.3 -7288.63
10414.2 -7291.35
10418.1 -7294.07
10422 -7296.79
10425.9 -7299.51
10429.8 -7302.23
10433.7 -7304.95
10437.6 -7307.67
10441.5 -7310.39
10445.4 -7313.11
10449.3 -7315.83
10453.2 -7318.55
10457.1 -7321.27
10461 -7323.99
10464.9 -7326.71
10468.8 -7329.43
10472.7 -7332.15
10476.6 -7334.87
10480.5 -7337.59
10484.4 -7340.31
10488.3 -7343.03
10492.2 -7345.75
10496.1 -7348.47
10500 -7351.19
10503.9 -7353.91
10507.8 -7356.63
10511.7 -7359.35
10515.6 -7362.07
10519.5 -7364.79
10523.4 -7367.51
10527.3 -7370.23
10531.2 -7372.95
10535.1 -7375.67
10539 -7378.39
10542.9 -7381.11
10546.8 -7383.83
10550.7 -7386.55
10554.6 -7389.27
10558.5 -7391.99
10562.4 -7394.71
10566.3 -7397.43
10570.2 -7400.15
10574.1 -7402.87
10578 -7405.59
10581.9 -7408.31
10585.8 -7411.03
10589.7 -7413.75
10593.6 -7416.47
10597.5 -7419.19
10601.4 -7421.91
10605.3 -7424.63
10609.2 -7427.35
10613.1 -7430.07
10617 -7432.79
10620.9 -7435.51
10624.8 -7438.23
10628.7 -7440.95
10632.6 -7443.67
10636.5 -7446.39
10640.4 -7449.11
10644.3 -7451.83
10648.2 -7454.55
10652.1 -7457.27
10656 -7459.99
10659.9 -7462.71
10663.8 -7465.43
10667.7 -7468.15
10671.6 -7470.87
10675.5 -7473.59
10679.4 -7476.31
10683.3 -7479.03
10687.2 -7481.75
10691.1 -7484.47
10695 -7487.19
10698.9 -7489.91
10702.8 -7492.63
10706.7 -7495.35
10710.6 -7498.07
10714.5 -7500.79
10718.4 -7503.51
10722.3 -7506.23
10726.2 -7508.95
10730.1 -7511.67
10734 -7514.39
10737.9 -7517.11
10741.8 -7519.83
10745.7 -7522.55
10749.6 -7525.27
10753.5 -7527.99
10757.4 -7530.71
10761.3 -7533.43
10765.2 -7536.15
10769.1 -7538.87
10773 -7541.59
10776.9 -7544.31
10780.8 -7547.03
10784.7 -7549.75
10788.6 -7552.47
10792.5 -7555.19
10796.4 -7557.91
10800.3 -7560.63
10804.2 -7563.35
10808.1 -7566.07
10812 -7568.79
10815.9 -7571.51
10819.8 -7574.23
10823.7 -7576.95
10827.6 -7579.67
10831.5 -7582.39
10835.4 -7585.11
10839.3 -7587.83
10843.2 -7590.55
10847.1 -7593.27
10851 -7595.99
10854.9 -7598.71
10858.8 -7601.43
10862.7 -7604.15
10866.6 -7606.87
10870.5 -7609.59
10874.4 -7612.31
10878.3 -7615.03
10882.2 -7617.75
10886.1 -7620.47
10890 -7623.19
10893.9 -7625.91
10897.8 -7628.63
10901.7 -7631.35
10905.6 -7634.07
10909.5 -7636.79
10913.4 -7639.51
10917.3 -7642.23
10921.2 -7644.95
10925.1 -7647.67
10929 -7650.39
10932.9 -7653.11
10936.8 -7655.83
10940.7 -7658.55
10944.6 -7661.27
10948.5 -7663.99
10952.4 -7666.71
10956.3 -7669.43
10960.2 -7672.15
10964.1 -7674.87
10968 -7677.59
10971.9 -7680.31
10975.8 -7683.03
10979.7 -7685.75
10983.6 -7688.47
10987.5 -7691.19
10991.4 -7693.91
10995.3 -7696.63
10999.2 -7699.35
11003.1 -7702.07
11007 -7704.79
11010.9 -7707.51
11014.8 -7710.23
11018.7 -7712.95
11022.6 -7715.67
11026.5 -7718.39
11030.4 -7721.11
11034.3 -7723.83
11038.2 -7726.55
11042.1 -7729.27
11046 -7731.99
11049.9 -7734.71
11053.8 -7737.43
11057.7 -7740.15
11061.6 -7742.87
11065.5 -7745.59
11069.4 -7748.31
11073.3 -7751.03
11077.2 -7753.75
11081.1 -7756.47
11085 -7759.19
11088.9 -7761.91
11092.8 -7764.63
11096.7 -7767.35
11100.6 -7770.07
11104.5 -7772.79
11108.4 -7775.51
11112.3 -7778.23
11116.2 -7780.95
11120.1 -7783.67
11124 -7786.39
11127.9 -7789.11
11131.8 -7791.83
11135.7 -7794.55
11139.6 -7797.27
11143.5 -7799.99
11147.4 -7802.71
11151.3 -7805.43
11155.2 -7808.15
11159.1 -7810.87
11163 -7813.59
11166.9 -7816.31
11170.8 -7819.03
11174.7 -7821.75
11178.6 -7824.47
11182.5 -7827.19
11186.4 -7829.91
11190.3 -7832.63
11194.2 -7835.35
11198.1 -7838.07
11202 -7840.79
11205.9 -7843.51
11209.8 -7846.23
11213.7 -7848.95
11217.6 -7851.67
11221.5 -7854.39
11225.4 -7857.11
11229.3 -7859.83
11233.2 -7862.55
11237.1 -7865.27
11241 -7867.99
11244.9 -7870.71
11248.8 -7873.43
11252.7 -7876.15
11256.6 -7878.87
11260.5 -7881.59
11264.4 -7884.31
11268.3 -7887.03
11272.2 -7889.75
11276.1 -7892.47
11280 -7895.19
11283.9 -7897.91
11287.8 -7900.63
11291.7 -7903.35
11295.6 -7906.07
11299.5 -7908.79
11303.4 -7911.51
11307.3 -7914.23
11311.2 -7916.95
11315.1 -7919.67
11319 -7922.39
11322.9 -7925.11
11326.8 -7927.83
11330.7 -7930.55
11334.6 -7933.27
11338.5 -7935.99
11342.4 -7938.71
11346.3 -7941.43
11350.2 -7944.15
11354.1 -7946.87
11358 -7949.59
11361.9 -7952.31
11365.8 -7955.03
11369.7 -7957.75
11373.6 -7960.47
11377.5 -7963.19
11381.4 -7965.91
11385.3 -7968.63
11389.2 -7971.35
11393.1 -7974.07
11397 -7976.79
11400.9 -7979.51
11404.8 -7982.23
11408.7 -7984.95
11412.6 -7987.67
11416.5 -7990.39
11420.4 -7993.11
11424.3 -7995.83
11428.2 -7998.55
11432.1 -8001.27
11436 -8003.99
11439.9 -8006.71
11443.8 -8009.43
11447.7 -8012.15
11451.6 -8014.87
11455.5 -8017.59
11459.4 -8020.31
11463.3 -8023.03
11467.2 -8025.75
11471.1 -8028.47
11475 -8031.19
11478.9 -8033.91
11482.8 -8036.63
11486.7 -8039.35
11490.6 -8042.07
11494.5 -8044.79
11498.4 -8047.51
11502.3 -8050.23
11506.2 -8052.95
11510.1 -8055.67
11514 -8058.39
11517.9 -8061.11
11521.8 -8063.83
11525.7 -8066.55
11529.6 -8069.27
11533.5 -8071.99
11537.4 -8074.71
11541.3 -8077.43
11545.2 -8080.15
11549.1 -8082.87
11553 -8085.59
11556.9 -8088.31
11560.8 -8091.03
11564.7 -8093.75
11568.6 -8096.47
11572.5 -8099.19
11576.4 -8101.91
11580.3 -8104.63
11584.2 -8107.35
11588.1 -8110.07
11592 -8112.79
11595.9 -8115.51
11599.8 -8118.23
11603.7 -8120.95
11607.6 -8123.67
11611.5 -8126.39
11615.4 -8129.11
11619.3 -8131.83
11623.2 -8134.55
11627.1 -8137.27
11631 -8139.99
11634.9 -8142.71
11638.8 -8145.43
11642.7 -8148.15
11646.6 -8150.87
11650.5 -8153.59
11654.4 -8156.31
11658.3 -8159.03
11662.2 -8161.75
11666.1 -8164.47
11670 -8167.19
11673.9 -8169.91
11677.8 -8172.63
11681.7 -8175.35
11685.6 -8178.07
11689.5 -8180.79
11693.4 -8183.51
11697.3 -8186.23
11701.2 -8188.95
11705.1 -8191.67
11709 -8194.39
11712.9 -8197.11
11716.8 -8199.83
11720.7 -8202.55
11724.6 -8205.27
11728.5 -8207.99
11732.4 -8210.71
11736.3 -8213.43
11740.2 -8216.15
11744.1 -8218.87
11748 -8221.59
11751.9 -8224.31
11755.8 -8227.03
11759.7 -8229.75
11763.6 -8232.47
11767.5 -8235.19
11771.4 -8237.91
11775.3 -8240.63
11779.2 -8243.35
11783.1 -8246.07
11787 -8248.79
11790.9 -8251.51
11794.8 -8254.23
11798.7 -8256.95
11802.6 -8259.67
11806.5 -8262.39
11810.4 -8265.11
11814.3 -8267.83
11818.2 -8270.55
11822.1 -8273.27
11826 -8275.99
11829.9 -8278.71
11833.8 -8281.43
11837.7 -8284.15
11841.6 -8286.87
11845.5 -8289.59
11849.4 -8292.31
11853.3 -8295.03
11857.2 -8297.75
11861.1 -8300.47
11865 -8303.19
11868.9 -8305.91
11872.8 -8308.63
11876.7 -8311.35
11880.6 -8314.07
11884.5 -8316.79
11888.4 -8319.51
11892.3 -8322.23
11896.2 -8324.95
11900.1 -8327.67
11904 -8330.39
11907.9 -8333.11
11911.8 -8335.83
11915.7 -8338.55
11919.6 -8341.27
11923.5 -8343.99
11927.4 -8346.71
11931.3 -8349.43
11935.2 -8352.15
11939.1 -8354.87
11943 -8357.59
11946.9 -8360.31
11950.8 -8363.03
11954.7 -8365.75
11958.6 -8368.47
11962.5 -8371.19
11966.4 -8373.91
11970.3 -8376.63
11974.2 -8379.35
11978.1 -8382.07
11982 -8384.79
11985.9 -8387.51
11989.8 -8390.23
11993.7 -8392.95
11997.6 -8395.67
12001.5 -8398.39
12005.4 -8401.11
12009.3 -8403.83
12013.2 -8406.55
12017.1 -8409.27
12021 -8411.99
12024.9 -8414.71
12028.8 -8417.43
12032.7 -8420.15
12036.6 -8422.87
12040.5 -8425.59
12044.4 -8428.31
12048.3 -8431.03
12052.2 -8433.75
12056.1 -8436.47
12060 -8439.19
12063.9 -8441.91
12067.8 -8444.63
12071.7 -8447.35
12075.6 -8450.07
12079.5 -8452.79
12083.4 -8455.51
12087.3 -8458.23
12091.2 -8460.95
12095.1 -8463.67
12099 -8466.39
12102.9 -8469.11
12106.8 -8471.83
12110.7 -8474.55
12114.6 -8477.27
12118.5 -8479.99
12122.4 -8482.71
12126.3 -8485.43
12130.2 -8488.15
12134.1 -8490.87
12138 -8493.59
12141.9 -8496.31
12145.8 -8499.03
12149.7 -8501.75
12153.6 -8504.47
12157.5 -8507.19
12161.4 -8509.91
12165.3 -8512.63
12169.2 -8515.35
12173.1 -8518.07
12177 -8520.79
12180.9 -8523.51
12184.8 -8526.23
12188.7 -8528.95
12192.6 -8531.67
12196.5 -8534.39
12200.4 -8537.11
12204.3 -8539.83
12208.2 -8542.55
12212.1 -8545.27
12216 -8547.99
12219.9 -8550.71
12223.8 -8553.43
12227.7 -8556.15
12231.6 -8558.87
12235.5 -8561.59
12239.4 -8564.31
12243.3 -8567.03
12247.2 -8569.75
12251.1 -8572.47
12255 -8575.19
12258.9 -8577.91
12262.8 -8580.63
12266.7 -8583.35
12270.6 -8586.07
12274.5 -8588.79
12278.4 -8591.51
12282.3 -8594.23
12286.2 -8596.95
12290.1 -8599.67
12294 -8602.39
12297.9 -8605.11
12301.8 -8607.83
12305.7 -8610.55
12309.6 -8613.27
12313.5 -8615.99
12317.4 -8618.71
12321.3 -8621.43
12325.2 -8624.15
12329.1 -8626.87
12333 -8629.59
12336.9 -8632.31
12340.8 -8635.03
12344.7 -8637.75
12348.6 -8640.47
12352.5 -8643.19
12356.4 -8645.91
12360.3 -8648.63
12364.2 -8651.35
12368.1 -8654.07
12372 -8656.79
12375.9 -8659.51
12379.8 -8662.23
12383.7 -8664.95
12387.6 -8667.67
12391.5 -8670.39
12395.4 -8673.11
12399.3 -8675.83
12403.2 -8678.55
12407.1 -8681.27
12411 -8683.99
12414.9 -8686.71
12418.8 -8689.43
12422.7 -8692.15
12426.6 -8694.87
12430.5 -8697.59
12434.4 -8700.31
12438.3 -8703.03
12442.2 -8705.75
12446.1 -8708.47
12450 -8711.19
12453.9 -8713.91
12457.8 -8716.63
12461.7 -8719.35
12465.6 -8722.07
12469.5 -8724.79
12473.4 -8727.51
12477.3 -8730.23
12481.2 -8732.95
12485.1 -8735.67
12489 -8738.39
12492.9 -8741.11
12496.8 -8743.83
12500.7 -8746.55
12504.6 -8749.27
12508.5 -8751.99
12512.4 -8754.71
12516.3 -8757.43
12520.2 -8760.15
12524.1 -8762.87
12528 -8765.59
12531.9 -8768.31
12535.8 -8771.03
12539.7 -8773.75
12543.6 -8776.47
12547.5 -8779.19
12551.4 -8781.91
12555.3 -8784.63
12559.2 -8787.35
12563.1 -8790.07
12567 -8792.79
12570.9 -8795.51
12574.8 -8798.23
12578.7 -8800.95
12582.6 -8803.67
12586.5 -8806.39
12590.4 -8809.11
12594.3 -8811.83
12598.2 -8814.55
12602.1 -8817.27
12606 -8819.99
12609.9 -8822.71
12613.8 -8825.43
12617.7 -8828.15
12621.6 -8830.87
12625.5 -8833.59
12629.4 -8836.31
12633.3 -8839.03
12637.2 -8841.75
12641.1 -8844.47
12645 -8847.19
12648.9 -8849.91
12652.8 -8852.63
12656.7 -8855.35
12660.6 -8858.07
12664.5 -8860.79
12668.4 -8863.51
12672.3 -8866.23
12676.2 -8868.95
12680.1 -8871.67
12684 -8874.39
12687.9 -8877.11
12691.8 -8879.83
12695.7 -8882.55
12699.6 -8885.27
12703.5 -8887.99
12707.4 -8890.71
12711.3 -8893.43
12715.2 -8896.15
12719.1 -8898.87
12723 -8901.59
12726.9 -8904.31
12730.8 -8907.03
12734.7 -8909.75
12738.6 -8912.47
12742.5 -8915.19
12746.4 -8917.91
12750.3 -8920.63
12754.2 -8923.35
12758.1 -8926.07
12762 -8928.79
12765.9 -8931.51
12769.8 -8934.23
12773.7 -8936.95
12777.6 -8939.67
12781.5 -8942.39
12785.4 -8945.11
12789.3 -8947.83
12793.2 -8950.55
12797.1 -8953.27
12801 -8955.99
12804.9 -8958.71
12808.8 -8961.43
12812.7 -8964.15
12816.6 -8966.87
12820.5 -8969.59
12824.4 -8972.31
12828.3 -8975.03
12832.2 -8977.75
12836.1 -8980.47
12840 -8983.19
12843.9 -8985.91
12847.8 -8988.63
12851.7 -8991.35
12855.6 -8994.07
12859.5 -8996.79
12863.4 -8999.51
12867.3 -9002.23
12871.2 -9004.95
12875.1 -9007.67
12879 -9010.39
12882.9 -9013.11
12886.8 -9015.83
12890.7 -9018.55
12894.6 -9021.27
12898.5 -9023.99
12902.4 -9026.71
12906.3 -9029.43
12910.2 -9032.15
12914.1 -9034.87
12918 -9037.59
12921.9 -9040.31
12925.8 -9043.03
12929.7 -9045.75
12933.6 -9048.47
12937.5 -9051.19
12941.4 -9053.91
12945.3 -9056.63
12949.2 -9059.35
12953.1 -9062.07
12957 -9064.79
12960.9 -9067.51
12964.8 -9070.23
12968.7 -9072.95
12972.6 -9075.67
12976.5 -9078.39
12980.4 -9081.11
12984.3 -9083.83
12988.2 -9086.55
12992.1 -9089.27
12996 -9091.99
12999.9 -9094.71
13003.8 -9097.43
13007.7 -9100.15
13011.6 -9102.87
13015.5 -9105.59
13019.4 -9108.31
13023.3 -9111.03
13027.2 -9113.75
13031.1 -9116.47
13035 -9119.19
13038.9 -9121.91
13042.8 -9124.63
13046.7 -9127.35
13050.6 -9130.07
13054.5 -9132.79
13058.4 -9135.51
13062.3 -9138.23
13066.2 -9140.95
13070.1 -9143.67
13074 -9146.39
13077.9 -9149.11
13081.8 -9151.83
13085.7 -9154.55
13089.6 -9157.27
13093.5 -9159.99
13097.4 -9162.71
13101.3 -9165.43
13105.2 -9168.15
13109.1 -9170.87
13113 -9173.59
13116.9 -9176.31
13120.8 -9179.03
13124.7 -9181.75
13128.6 -9184.47
13132.5 -9187.19
13136.4 -9189.91
13140.3 -9192.63
13144.2 -9195.35
13148.1 -9198.07
13152 -9200.79
13155.9 -9203.51
13159.8 -9206.23
13163.7 -9208.95
13167.6 -9211.67
13171.5 -9214.39
13175.4 -9217.11
13179.3 -9219.83
13183.2 -9222.55
13187.1 -9225.27
13191 -9227.99
13194.9 -9230.71
13198.8 -9233.43
13202.7 -9236.15
13206.6 -9238.87
13210.5 -9241.59
13214.4 -9244.31
13218.3 -9247.03
13222.2 -9249.75
13226.1 -9252.47
13230 -9255.19
13233.9 -9257.91
13237.8 -9260.63
13241.7 -9263.35
13245.6 -9266.07
13249.5 -9268.79
13253.4 -9271.51
13257.3 -9274.23
13261.2 -9276.95
13265.1 -9279.67
13269 -9282.39
13272.9 -9285.11
13276.8 -9287.83
13280.7 -9290.55
13284.6 -9293.27
13288.5 -9295.99
13292.4 -9298.71
13296.3 -9301.43
13300.2 -9304.15
13304.1 -9306.87
13308 -9309.59
13311.9 -9312.31
13315.8 -9315.03
13319.7 -9317.75
13323.6 -9320.47
13327.5 -9323.19
13331.4 -9325.91
13335.3 -9328.63
13339.2 -9331.35
13343.1 -9334.07
13347 -9336.79
13350.9 -9339.51
13354.8 -9342.23
13358.7 -9344.95
13362.6 -9347.67
13366.5 -9350.39
13370.4 -9353.11
13374.3 -9355.83
13378.2 -9358.55
13382.1 -9361.27
13386 -9363.99
13389.9 -9366.71
13393.8 -9369.43
13397.7 -9372.15
13401.6 -9374.87
13405.5 -9377.59
13409.4 -9380.31
13413.3 -9383.03
13417.2 -9385.75
13421.1 -9388.47
13425 -9391.19
13428.9 -9393.91
13432.8 -9396.63
13436.7 -9399.35
13440.6 -9402.07
13444.5 -9404.79
13448.4 -9407.51
13452.3 -9410.23
13456.2 -9412.95
13460.1 -9415.67
13464 -9418.39
13467.9 -9421.11
13471.8 -9423.83
13475.7 -9426.55
13479.6 -9429.27
13483.5 -9431.99
13487.4 -9434.71
13491.3 -9437.43
13495.2 -9440.15
13499.1 -9442.87
13503 -9445.59
13506.9 -9448.31
13510.8 -9451.03
13514.7 -9453.75
13518.6 -9456.47
13522.5 -9459.19
13526.4 -9461.91
13530.3 -9464.63
13534.2 -9467.35
13538.1 -9470.07
13542 -9472.79
13545.9 -9475.51
13549.8 -9478.23
13553.7 -9480.95
13557.6 -9483.67
13561.5 -9486.39
13565.4 -9489.11
13569.3 -9491.83
13573.2 -9494.55
13577.1 -9497.27
13581 -9499.99
13584.9 -9502.71
13588.8 -9505.43
13592.7 -9508.15
13596.6 -9510.87
13600.5 -9513.59
13604.4 -9516.31
13608.3 -9519.03
13612.2 -9521.75
13616.1 -9524.47
13620 -9527.19
13623.9 -9529.91
13627.8 -9532.63
13631.7 -9535.35
13635.6 -9538.07
13639.5 -9540.79
13643.4 -9543.51
13647.3 -9546.23
13651.2 -9548.95
13655.1 -9551.67
13659 -9554.39
13662.9 -9557.11
13666.8 -9559.83
13670.7 -9562.55
13674.6 -9565.27
13678.5 -9567.99
13682.4 -9570.71
13686.3 -9573.43
13690.2 -9576.15
13694.1 -9578.87
13698 -9581.59
13701.9 -9584.31
13705.8 -9587.03
13709.7 -9589.75
13713.6 -9592.47
13717.5 -9595.19
13721.4 -9597.91
13725.3 -9600.63
13729.2 -9603.35
13733.1 -9606.07
13737 -9608.79
13740.9 -9611.51
13744.8 -9614.23
13748.7 -9616.95
13752.6 -9619.67
13756.5 -9622.39
13760.4 -9625.11
13764.3 -9627.83
13768.2 -9630.55
13772.1 -9633.27
13776 -9635.99
13779.9 -9638.71
13783.8 -9641.43
13787.7 -9644.15
13791.6 -9646.87
13795.5 -9649.59
13799.4 -9652.31
13803.3 -9655.03
13807.2 -9657.75
13811.1 -9660.47
13815 -9663.19
13818.9 -9665.91
13822.8 -9668.63
13826.7 -9671.35
13830.6 -9674.07
13834.5 -9676.79
13838.4 -9679.51
13842.3 -9682.23
13846.2 -9684.95
13850.1 -9687.67
13854 -9690.39
13857.9 -9693.11
13861.8 -9695.83
13865.7 -9698.55
13869.6 -9701.27
13873.5 -9703.99
13877.4 -9706.71
13881.3 -9709.43
13885.2 -9712.15
13889.1 -9714.87
13893 -9717.59
13896.9 -9720.31
13900.8 -9723.03
13904.7 -9725.75
13908.6 -9728.47
13912.5 -9731.19
13916.4 -9733.91
13920.3 -9736.63
13924.2 -9739.35
13928.1 -9742.07
13932 -9744.79
13935.9 -9747.51
13939.8 -9750.23
13943.7 -9752.95
13947.6 -9755.67
13951.5 -9758.39
13955.4 -9761.11
13959.3 -9763.83
13963.2 -9766.55
13967.1 -9769.27
13971 -9771.99
13974.9 -9774.71
13978.8 -9777.43
13982.7 -9780.15
13986.6 -9782.87
13990.5 -9785.59
13994.4 -9788.31
13998.3 -9791.03
14002.2 -9793.75
14006.1 -9796.47
14010 -9799.19
14013.9 -9801.91
14017.8 -9804.63
14021.7 -9807.35
14025.6 -9810.07
14029.5 -9812.79
14033.4 -9815.51
14037.3 -9818.23
14041.2 -9820.95
14045.1 -9823.67
14049 -9826.39
14052.9 -9829.11
14056.8 -9831.83
14060.7 -9834.55
14064.6 -9837.27
14068.5 -9839.99
14072.4 -9842.71
14076.3 -9845.43
14080.2 -9848.15
14084.1 -9850.87
14088 -9853.59
14091.9 -9856.31
14095.8 -9859.03
14099.7 -9861.75
14103.6 -9864.47
14107.5 -9867.19
14111.4 -9869.91
14115.3 -9872.63
14119.2 -9875.35
14123.1 -9878.07
14127 -9880.79
14130.9 -9883.51
14134.8 -9886.23
14138.7 -9888.95
14142.6 -9891.67
14146.5 -9894.39
14150.4 -9897.11
14154.3 -9899.83
14158.2 -9902.55
14162.1 -9905.27
14166 -9907.99
14169.9 -9910.71
14173.8 -9913.43
14177.7 -9916.15
14181.6 -9918.87
14185.5 -9921.59
14189.4 -9924.31
14193.3 -9927.03
14197.2 -9929.75
14201.1 -9932.47
14205 -9935.19
14208.9 -9937.91
14212.8 -9940.63
14216.7 -9943.35
14220.6 -9946.07
14224.5 -9948.79
14228.4 -9951.51
14232.3 -9954.23
14236.2 -9956.95
14240.1 -9959.67
14244 -9962.39
14247.9 -9965.11
14251.8 -9967.83
14255.7 -9970.55
14259.6 -9973.27
14263.5 -9975.99
14267.4 -9978.71
14271.3 -9981.43
14275.2 -9984.15
14279.1 -9986.87
14283 -9989.59
14286.9 -9992.31
14290.8 -9995.03
14294.7 -9997.75
14298.6 -10000.5
14302.5 -10003.2
14306.4 -10005.9
14310.3 -10008.6
14314.2 -10011.3
14318.1 -10014
14322 -10016.7
14325.9 -10019.4
14329.8 -10022.1
14333.7 -10024.8
14337.6 -10027.5
14341.5 -10030.2
14345.4 -10032.9
14349.3 -10035.6
14353.2 -10038.3
14357.1 -10041
14361 -10043.7
14364.9 -10046.4
14368.8 -10049.1
14372.7 -10051.8
14376.6 -10054.5
14380.5 -10057.2
14384.4 -10059.9
14388.3 -10062.6
14392.2 -10065.3
14396.1 -10068
14400 -10070.7
14403.9 -10073.4
14407.8 -10076.1
14411.7 -10078.8
14415.6 -10081.5
14419.5 -10084.2
14423.4 -10086.9
14427.3 -10089.6
14431.2 -10092.3
14435.1 -10095
14439 -10097.7
14442.9 -10100.4
14446.8 -10103.1
14450.7 -10105.8
14454.6 -10108.5
14458.5 -10111.2
14462.4 -10113.9
14466.3 -10116.6
14470.2 -10119.3
14474.1 -10122
14478 -10124.7
14481.9 -10127.4
14485.8 -10130.1
14489.7 -10132.8
14493.6 -10135.5
14497.5 -10138.2
14501.4 -10140.9
14505.3 -10143.6
14509.2 -10146.3
14513.1 -10149
14517 -10151.7
14520.9 -10154.4
14524.8 -10157.1
14528.7 -10159.8
14532.6 -10162.5
14536.5 -10165.2
14540.4 -10167.9
14544.3 -10170.6
14548.2 -10173.3
14552.1 -10176
14556 -10178.7
14559.9 -10181.4
14563.8 -10184.1
14567.7 -10186.8
14571.6 -10189.5
14575.5 -10192.2
14579.4 -10194.9
14583.3 -10197.6
14587.2 -10200.3
14591.1 -10203
14595 -10205.7
14598.9 -10208.4
14602.8 -10211.1
14606.7 -10213.8
14610.6 -10216.5
14614.5 -10219.2
14618.4 -10221.9
14622.3 -10224.6
14626.2 -10227.3
14630.1 -10230
14634 -10232.7
14637.9 -10235.4
14641.8 -10238.1
14645.7 -10240.8
14649.6 -10243.5
14653.5 -10246.2
14657.4 -10248.9
14661.3 -10251.6
14665.2 -10254.3
14669.1 -10257
14673 -10259.7
14676.9 -10262.4
14680.8 -10265.1
14684.7 -10267.8
14688.6 -10270.5
14692.5 -10273.2
14696.4 -10275.9
14700.3 -10278.6
14704.2 -10281.3
14708.1 -10284
14712 -10286.7
14715.9 -10289.4
14719.8 -10292.1
14723.7 -10294.8
14727.6 -10297.5
14731.5 -10300.2
14735.4 -10302.9
14739.3 -10305.6
14743.2 -10308.3
14747.1 -10311
14751 -10313.7
14754.9 -10316.4
14758.8 -10319.1
14762.7 -10321.8
14766.6 -10324.5
14770.5 -10327.2
14774.4 -10329.9
14778.3 -10332.6
14782.2 -10335.3
14786.1 -10338
14790 -10340.7
14793.9 -10343.4
14797.8 -10346.1
14801.7 -10348.8
14805.6 -10351.5
14809.5 -10354.2
14813.4 -10356.9
14817.3 -10359.6
14821.2 -10362.3
14825.1 -10365
14829 -10367.7
14832.9 -10370.4
14836.8 -10373.1
14840.7 -10375.8
14844.6 -10378.5
14848.5 -10381.2
14852.4 -10383.9
14856.3 -10386.6
14860.2 -10389.3
14864.1 -10392
14868 -10394.7
14871.9 -10397.4
14875.8 -10400.1
14879.7 -10402.8
14883.6 -10405.5
14887.5 -10408.2
14891.4 -10410.9
14895.3 -10413.6
14899.2 -10416.3
14903.1 -10419
14907 -10421.7
14910.9 -10424.4
14914.8 -10427.1
14918.7 -10429.8
14922.6 -10432.5
14926.5 -10435.2
14930.4 -10437.9
14934.3 -10440.6
14938.2 -10443.3
14942.1 -10446
14946 -10448.7
14949.9 -10451.4
14953.8 -10454.1
14957.7 -10456.8
14961.6 -10459.5
14965.5 -10462.2
14969.4 -10464.9
14973.3 -10467.6
14977.2 -10470.3
14981.1 -10473
14985 -10475.7
14988.9 -10478.4
14992.8 -10481.1
14996.7 -10483.8
15000.6 -10486.5
15004.5 -10489.2
15008.4 -10491.9
15012.3 -10494.6
15016.2 -10497.3
15020.1 -10500
15024 -10502.7
15027.9 -10505.4
15031.8 -10508.1
15035.7 -10510.8
15039.6 -10513.5
15043.5 -10516.2
15047.4 -10518.9
15051.3 -10521.6
15055.2 -10524.3
15059.1 -10527
15063 -10529.7
15066.9 -10532.4
15070.8 -10535.1
15074.7 -10537.8
15078.6 -10540.5
15082.5 -10543.2
15086.4 -10545.9
15090.3 -10548.6
15094.2 -10551.3
15098.1 -10554
15102 -10556.7
15105.9 -10559.4
15109.8 -10562.1
15113.7 -10564.8
15117.6 -10567.5
15121.5 -10570.2
15125.4 -10572.9
15129.3 -10575.6
15133.2 -10578.3
15137.1 -10581
15141 -10583.7
15144.9 -10586.4
15148.8 -10589.1
15152.7 -10591.8
15156.6 -10594.5
15160.5 -10597.2
15164.4 -10599.9
15168.3 -10602.6
15172.2 -10605.3
15176.1 -10608
15180 -10610.7
15183.9 -10613.4
15187.8 -10616.1
15191.7 -10618.8
15195.6 -10621.5
15199.5 -10624.2
15203.4 -10626.9
15207.3 -10629.6
15211.2 -10632.3
15215.1 -10635
15219 -10637.7
15222.9 -10640.4
15226.8 -10643.1
15230.7 -10645.8
15234.6 -10648.5
15238.5 -10651.2
15242.4 -10653.9
15246.3 -10656.6
15250.2 -10659.3
15254.1 -10662
15258 -10664.7
15261.9 -10667.4
15265.8 -10670.1
15269.7 -10672.8
15273.6 -10675.5
15277.5 -10678.2
15281.4 -10680.9
15285.3 -10683.6
15289.2 -10686.3
15293.1 -10689
15297 -10691.7
15300.9 -10694.4
15304.8 -10697.1
15308.7 -10699.8
15312.6 -10702.5
15316.5 -10705.2
15320.4 -10707.9
15324.3 -10710.6
15328.2 -10713.3
15332.1 -10716
15336 -10718.7
