1 5
3 5
1.01046 5.00993
3.00426 5.0032
1.02075 5.01969
3.00848 5.00636
1.03089 5.02929
3.01266 5.00948
1.04087 5.03874
3.0168 5.01256
1.0507 5.04804
3.0209 5.0156
1.06039 5.0572
3.02497 5.0186
1.06994 5.06622
3.029 5.02157
1.07936 5.07511
3.03299 5.0245
1.08865 5.08387
3.03695 5.0274
1.09782 5.09251
3.04088 5.03026
1.10687 5.10103
3.04477 5.03309
1.11581 5.10944
3.04863 5.03589
1.12464 5.11774
3.05246 5.03866
1.13336 5.12593
3.05626 5.0414
1.14198 5.13401
3.06003 5.04411
1.1505 5.14199
3.06378 5.0468
1.15892 5.14987
3.0675 5.04946
1.16724 5.15766
3.07119 5.05209
1.17547 5.16536
3.07486 5.0547
1.18361 5.17297
3.07851 5.05729
1.19167 5.1805
3.08213 5.05986
1.19965 5.18795
3.08573 5.06241
1.20755 5.19532
3.08931 5.06494
1.21537 5.20261
3.09288 5.06745
1.22312 5.20983
3.09643 5.06994
1.2308 5.21698
3.09996 5.07242
1.23841 5.22406
3.10348 5.07488
1.24596 5.23108
3.10698 5.07733
1.25344 5.23803
3.11047 5.07977
1.26086 5.24492
3.11395 5.0822
1.26823 5.25175
3.11742 5.08462
1.27555 5.25853
3.12088 5.08703
1.28282 5.26526
3.12433 5.08944
1.29004 5.27195
3.12778 5.09185
1.29722 5.27859
3.13123 5.09426
1.30435 5.28519
3.13468 5.09667
1.31144 5.29175
3.13813 5.09908
1.31849 5.29827
3.14158 5.1015
1.32551 5.30476
3.14503 5.10392
1.33249 5.31121
3.14848 5.10635
1.33943 5.31762
3.15194 5.10879
1.34633 5.324
3.1554 5.11123
1.35319 5.33034
3.15886 5.11368
1.36001 5.33663
3.16232 5.11614
1.36678 5.34288
3.16578 5.1186
1.37349 5.34907
3.16923 5.12107
1.38013 5.3552
3.17266 5.12353
1.38668 5.36125
3.17607 5.12598
1.39313 5.3672
3.17945 5.12841
1.39946 5.37304
3.18278 5.13081
1.40562 5.37872
3.18603 5.13316
1.41158 5.38422
3.18918 5.13543
1.4173 5.38949
3.19221 5.13761
1.42274 5.3945
3.19508 5.13967
1.42784 5.3992
3.19776 5.14157
1.43254 5.40352
3.20021 5.14328
1.43678 5.40741
3.20238 5.14476
1.44047 5.41079
3.20422 5.14596
1.44353 5.41358
3.20566 5.14683
1.44586 5.41569
3.20665 5.1473
1.44737 5.41702
3.20711 5.14732
1.44795 5.41748
3.20697 5.14681
1.44751 5.41697
3.20616 5.14571
1.44594 5.4154
3.20462 5.14396
1.44315 5.41268
3.20228 5.14149
1.43907 5.40874
3.19908 5.13825
1.43365 5.40352
3.19499 5.1342
1.42684 5.39698
3.18998 5.12931
1.41864 5.38911
3.18404 5.12356
1.40906 5.37992
3.17719 5.11696
1.39815 5.36945
3.16945 5.10953
1.38597 5.35776
3.16087 5.1013
1.3726 5.34492
3.15151 5.09232
1.35811 5.33099
3.1414 5.08262
1.34258 5.31605
3.13061 5.07224
1.32612 5.3002
3.1192 5.06125
1.30886 5.28355
3.10725 5.04971
1.29092 5.26622
3.09485 5.03768
1.27242 5.24833
3.08207 5.02524
1.25347 5.22998
3.06897 5.01244
1.23416 5.21126
3.05562 4.99933
1.21462 5.19228
3.04208 4.98598
1.1949 5.1731
3.02839 4.97242
1.17504 5.15376
3.01457 4.95867
1.15505 5.13427
3.00063 4.94475
1.13493 5.11463
2.98656 4.93066
1.11466 5.09483
2.97237 4.91641
1.09419 5.07482
2.95804 4.90199
1.07342 5.05451
2.94352 4.88737
1.05221 5.03377
2.92874 4.87249
1.03038 5.01242
2.91362 4.85729
1.0077 4.99025
2.89805 4.84167
0.983919 4.96701
2.88192 4.82554
0.958961 4.94262
2.86523 4.80889
0.93279 4.91704
2.848 4.79174
0.905411 4.89028
2.83027 4.77414
0.876826 4.86233
2.81207 4.7561
0.847033 4.83319
2.79344 4.73765
0.81606 4.80287
2.77441 4.71882
0.784008 4.77146
2.75506 4.69965
0.751188 4.73925
2.73555 4.68027
0.718266 4.70688
2.71619 4.66094
0.686004 4.67509
2.69732 4.64198
0.655578 4.64502
2.67949 4.6239
0.629252 4.61898
2.66371 4.60778
0.605513 4.59553
2.64923 4.59301
0.58137 4.57177
2.63486 4.57854
0.552877 4.54383
2.61914 4.56305
0.515955 4.50765
2.60073 4.54524
0.467734 4.46029
2.57897 4.52432
0.409158 4.40256
2.55487 4.50106
0.343289 4.33736
2.52981 4.47645
0.278529 4.27319
2.50549 4.452
0.202669 4.19681
2.47621 4.42098
0.291131 4.27836
2.481 4.41819
4.58788 8.54141
2.69097 4.62162
4.64307 8.61898
2.7947 4.7627
4.35278 8.38247
2.86605 4.91302
3.93689 7.64913
3.28816 2.87841
138.837 2.44018
77.354 -24.8731
-5428.44 103.991
-5551.64 -19762.5
61208 11.8963
61083.6 -43989.2
122411 48.194
122287 -71502.9
181844 62.9349
181720 -100068
240450 72.1648
240326 -129108
298576 78.9041
298452 -158419
356387 84.2221
356263 -187906
413976 88.6194
413852 -217516
471400 92.3708
471276 -247217
528696 95.6436
528572 -276988
585890 98.5472
585766 -306815
643001 101.157
642877 -336688
700043 103.528
699919 -366598
757027 105.7
756903 -396540
813961 107.704
813837 -426509
870852 109.565
870728 -456502
927705 111.302
927581 -486515
984525 112.93
984401 -516546
1.04132e+06 114.463
1.04119e+06 -546593
1.09808e+06 115.911
1.09795e+06 -576655
1.15482e+06 117.283
1.15469e+06 -606730
1.21154e+06 118.586
1.21141e+06 -636816
1.26824e+06 119.827
1.26811e+06 -666913
1.32492e+06 121.012
1.32479e+06 -697020
1.38158e+06 122.146
1.38145e+06 -727135
1.43823e+06 123.233
1.4381e+06 -757259
1.49487e+06 124.277
1.49474e+06 -787390
1.55149e+06 125.281
1.55136e+06 -817528
1.6081e+06 126.248
1.60797e+06 -847672
1.6647e+06 127.18
1.66457e+06 -877822
1.72129e+06 128.08
1.72116e+06 -907978
1.77787e+06 128.95
1.77774e+06 -938139
1.83444e+06 129.793
1.83431e+06 -968305
1.891e+06 130.609
1.89087e+06 -998476
1.94755e+06 131.401
1.94742e+06 -1.02865e+06
2.0041e+06 132.17
2.00397e+06 -1.05883e+06
2.06064e+06 132.917
2.06051e+06 -1.08901e+06
2.11717e+06 133.643
2.11704e+06 -1.1192e+06
2.1737e+06 134.35
2.17357e+06 -1.14939e+06
2.23022e+06 135.038
2.23009e+06 -1.17958e+06
2.28673e+06 135.709
2.2866e+06 -1.20978e+06
2.34324e+06 136.363
2.34311e+06 -1.23998e+06
2.39974e+06 137.001
2.39961e+06 -1.27018e+06
2.45624e+06 137.624
2.45611e+06 -1.30039e+06
2.51273e+06 138.233
2.5126e+06 -1.3306e+06
2.56922e+06 138.828
2.56909e+06 -1.36081e+06
2.6257e+06 139.41
2.62557e+06 -1.39102e+06
2.68218e+06 139.979
2.68205e+06 -1.42123e+06
2.73866e+06 140.536
2.73853e+06 -1.45145e+06
2.79513e+06 141.082
2.795e+06 -1.48167e+06
2.8516e+06 141.617
2.85147e+06 -1.51189e+06
2.90807e+06 142.141
2.90794e+06 -1.54211e+06
2.96453e+06 142.655
2.9644e+06 -1.57233e+06
3.02099e+06 143.159
3.02086e+06 -1.60256e+06
3.07745e+06 143.653
3.07732e+06 -1.63279e+06
3.1339e+06 144.138
3.13377e+06 -1.66302e+06
3.19035e+06 144.615
3.19022e+06 -1.69325e+06
3.2468e+06 145.083
3.24667e+06 -1.72348e+06
3.30324e+06 145.543
3.30311e+06 -1.75371e+06
3.35968e+06 145.995
3.35955e+06 -1.78395e+06
3.41612e+06 146.439
3.41599e+06 -1.81419e+06
3.47256e+06 146.876
3.47243e+06 -1.84443e+06
3.52899e+06 147.306
3.52886e+06 -1.87467e+06
3.58542e+06 147.729
3.58529e+06 -1.90491e+06
3.64185e+06 148.145
3.64172e+06 -1.93515e+06
3.69828e+06 148.555
3.69815e+06 -1.96539e+06
3.75471e+06 148.959
3.75458e+06 -1.99563e+06
3.81113e+06 149.357
3.811e+06 -2.02588e+06
3.86755e+06 149.749
3.86742e+06 -2.05613e+06
3.92397e+06 150.135
3.92384e+06 -2.08638e+06
3.98039e+06 150.515
3.98026e+06 -2.11663e+06
4.03681e+06 150.89
4.03668e+06 -2.14688e+06
4.09322e+06 151.26
4.09309e+06 -2.17713e+06
4.14963e+06 151.625
4.1495e+06 -2.20738e+06
4.20604e+06 151.985
4.20591e+06 -2.23763e+06
4.26245e+06 152.34
4.26232e+06 -2.26788e+06
4.31886e+06 152.69
4.31873e+06 -2.29813e+06
4.37527e+06 153.035
4.37514e+06 -2.32838e+06
4.43167e+06 153.376
4.43154e+06 -2.35864e+06
4.48807e+06 153.713
4.48794e+06 -2.3889e+06
4.54447e+06 154.045
4.54434e+06 -2.41916e+06
4.60087e+06 154.373
4.60074e+06 -2.44942e+06
4.65727e+06 154.697
4.65714e+06 -2.47968e+06
4.71367e+06 155.017
4.71354e+06 -2.50994e+06
4.77007e+06 155.333
4.76994e+06 -2.5402e+06
4.82646e+06 155.646
4.82633e+06 -2.57046e+06
4.88285e+06 155.955
4.88272e+06 -2.60072e+06
4.93924e+06 156.261
4.93911e+06 -2.63098e+06
4.99563e+06 156.563
4.9955e+06 -2.66124e+06
5.05202e+06 156.862
5.05189e+06 -2.6915e+06
5.10841e+06 157.157
5.10828e+06 -2.72176e+06
5.1648e+06 157.449
5.16467e+06 -2.75202e+06
5.22119e+06 157.738
5.22106e+06 -2.78229e+06
5.27758e+06 158.024
5.27745e+06 -2.81256e+06
5.33396e+06 158.307
5.33383e+06 -2.84283e+06
5.39034e+06 158.587
5.39021e+06 -2.8731e+06
5.44672e+06 158.864
5.44659e+06 -2.90337e+06
5.5031e+06 159.138
5.50297e+06 -2.93364e+06
5.55948e+06 159.409
5.55935e+06 -2.96391e+06
5.61586e+06 159.677
5.61573e+06 -2.99418e+06
5.67224e+06 159.943
5.67211e+06 -3.02445e+06
5.72862e+06 160.206
5.72849e+06 -3.05472e+06
5.785e+06 160.466
5.78487e+06 -3.08499e+06
5.84138e+06 160.724
5.84125e+06 -3.11526e+06
5.89776e+06 160.979
5.89763e+06 -3.14553e+06
5.95413e+06 161.232
5.954e+06 -3.1758e+06
6.0105e+06 161.482
6.01037e+06 -3.20607e+06
6.06687e+06 161.73
6.06674e+06 -3.23634e+06
6.12324e+06 161.976
6.12311e+06 -3.26661e+06
6.17961e+06 162.22
6.17948e+06 -3.29688e+06
6.23598e+06 162.461
6.23585e+06 -3.32715e+06
6.29235e+06 162.7
6.29222e+06 -3.35742e+06
6.34872e+06 162.937
6.34859e+06 -3.38769e+06
6.40509e+06 163.172
6.40496e+06 -3.41797e+06
6.46146e+06 163.405
6.46133e+06 -3.44825e+06
6.51783e+06 163.636
6.5177e+06 -3.47853e+06
6.5742e+06 163.865
6.57407e+06 -3.50881e+06
6.63057e+06 164.092
6.63044e+06 -3.53909e+06
6.68693e+06 164.317
6.6868e+06 -3.56937e+06
6.74329e+06 164.54
6.74316e+06 -3.59965e+06
6.79965e+06 164.761
6.79952e+06 -3.62993e+06
6.85601e+06 164.98
6.85588e+06 -3.66021e+06
6.91237e+06 165.197
6.91224e+06 -3.69049e+06
6.96873e+06 165.413
6.9686e+06 -3.72077e+06
7.02509e+06 165.627
7.02496e+06 -3.75105e+06
7.08145e+06 165.839
7.08132e+06 -3.78133e+06
7.13781e+06 166.05
7.13768e+06 -3.81161e+06
7.19417e+06 166.259
7.19404e+06 -3.84189e+06
7.25053e+06 166.466
7.2504e+06 -3.87217e+06
7.30689e+06 166.672
7.30676e+06 -3.90245e+06
7.36325e+06 166.876
7.36312e+06 -3.93273e+06
7.41961e+06 167.078
7.41948e+06 -3.96301e+06
7.47597e+06 167.279
7.47584e+06 -3.99329e+06
7.53233e+06 167.478
7.5322e+06 -4.02357e+06
7.58869e+06 167.676
7.58856e+06 -4.05385e+06
7.64505e+06 167.872
7.64492e+06 -4.08413e+06
7.7014e+06 168.067
7.70127e+06 -4.11441e+06
7.75775e+06 168.261
7.75762e+06 -4.14469e+06
7.8141e+06 168.453
7.81397e+06 -4.17497e+06
7.87045e+06 168.644
7.87032e+06 -4.20525e+06
7.9268e+06 168.833
7.92667e+06 -4.23553e+06
7.98315e+06 169.021
7.98302e+06 -4.26581e+06
8.0395e+06 169.208
8.03937e+06 -4.29609e+06
8.09585e+06 169.393
8.09572e+06 -4.32637e+06
8.1522e+06 169.577
8.15207e+06 -4.35665e+06
8.20855e+06 169.76
8.20842e+06 -4.38693e+06
8.2649e+06 169.942
8.26477e+06 -4.41721e+06
8.32125e+06 170.122
8.32112e+06 -4.4475e+06
8.3776e+06 170.301
8.37747e+06 -4.47779e+06
8.43395e+06 170.479
8.43382e+06 -4.50808e+06
8.4903e+06 170.656
8.49017e+06 -4.53837e+06
8.54665e+06 170.832
8.54652e+06 -4.56866e+06
8.603e+06 171.006
8.60287e+06 -4.59895e+06
8.65935e+06 171.179
8.65922e+06 -4.62924e+06
8.7157e+06 171.351
8.71557e+06 -4.65953e+06
8.77205e+06 171.522
8.77192e+06 -4.68982e+06
8.8284e+06 171.692
8.82827e+06 -4.72011e+06
8.88475e+06 171.861
8.88462e+06 -4.7504e+06
8.9411e+06 172.029
8.94097e+06 -4.78069e+06
8.99745e+06 172.196
8.99732e+06 -4.81098e+06
9.05379e+06 172.362
9.05366e+06 -4.84127e+06
9.11013e+06 172.527
9.11e+06 -4.87156e+06
9.16647e+06 172.691
9.16634e+06 -4.90185e+06
9.22281e+06 172.854
9.22268e+06 -4.93214e+06
9.27915e+06 173.016
9.27902e+06 -4.96243e+06
9.33549e+06 173.177
9.33536e+06 -4.99272e+06
9.39183e+06 173.337
9.3917e+06 -5.02301e+06
9.44817e+06 173.496
9.44804e+06 -5.0533e+06
9.50451e+06 173.654
9.50438e+06 -5.08359e+06
9.56085e+06 173.811
9.56072e+06 -5.11388e+06
9.61719e+06 173.967
9.61706e+06 -5.14417e+06
9.67353e+06 174.122
9.6734e+06 -5.17446e+06
9.72987e+06 174.276
9.72974e+06 -5.20475e+06
9.78621e+06 174.429
9.78608e+06 -5.23504e+06
9.84255e+06 174.581
9.84242e+06 -5.26533e+06
9.89889e+06 174.732
9.89876e+06 -5.29562e+06
9.95523e+06 174.883
9.9551e+06 -5.32591e+06
1.00116e+07 175.033
1.00114e+07 -5.3562e+06
1.00679e+07 175.182
1.00677e+07 -5.38649e+06
1.01242e+07 175.33
1.0124e+07 -5.41678e+06
1.01805e+07 175.477
1.01803e+07 -5.44707e+06
1.02368e+07 175.623
1.02366e+07 -5.47736e+06
1.02931e+07 175.769
1.02929e+07 -5.50765e+06
1.03494e+07 175.914
1.03492e+07 -5.53794e+06
1.04057e+07 176.058
1.04055e+07 -5.56823e+06
1.0462e+07 176.201
1.04618e+07 -5.59852e+06
1.05183e+07 176.343
1.05181e+07 -5.62881e+06
1.05746e+07 176.485
1.05744e+07 -5.6591e+06
1.06309e+07 176.626
1.06307e+07 -5.68939e+06
1.06872e+07 176.766
1.0687e+07 -5.71968e+06
1.07435e+07 176.905
1.07433e+07 -5.74997e+06
1.07998e+07 177.044
1.07996e+07 -5.78026e+06
1.08561e+07 177.182
1.08559e+07 -5.81055e+06
1.09124e+07 177.319
1.09122e+07 -5.84084e+06
1.09687e+07 177.456
1.09685e+07 -5.87113e+06
1.1025e+07 177.592
1.10248e+07 -5.90142e+06
1.10813e+07 177.727
1.10811e+07 -5.93171e+06
1.11376e+07 177.862
1.11374e+07 -5.962e+06
1.11939e+07 177.996
1.11937e+07 -5.99229e+06
1.12502e+07 178.129
1.125e+07 -6.02258e+06
1.13065e+07 178.262
1.13063e+07 -6.05287e+06
1.13628e+07 178.394
1.13626e+07 -6.08316e+06
1.14191e+07 178.525
1.14189e+07 -6.11345e+06
1.14754e+07 178.656
1.14752e+07 -6.14374e+06
1.15317e+07 178.786
1.15315e+07 -6.17403e+06
1.1588e+07 178.915
1.15878e+07 -6.20432e+06
1.16443e+07 179.044
1.16441e+07 -6.23461e+06
1.17006e+07 179.172
1.17004e+07 -6.2649e+06
1.17569e+07 179.299
1.17567e+07 -6.29519e+06
1.18132e+07 179.426
1.1813e+07 -6.32548e+06
1.18695e+07 179.552
1.18693e+07 -6.35577e+06
1.19258e+07 179.678
1.19256e+07 -6.38607e+06
1.19821e+07 179.803
1.19819e+07 -6.41637e+06
1.20384e+07 179.927
1.20382e+07 -6.44667e+06
1.20947e+07 180.051
1.20945e+07 -6.47697e+06
1.2151e+07 180.174
1.21508e+07 -6.50727e+06
1.22073e+07 180.297
1.22071e+07 -6.53757e+06
1.22636e+07 180.419
1.22634e+07 -6.56787e+06
1.23199e+07 180.541
1.23197e+07 -6.59817e+06
1.23762e+07 180.662
1.2376e+07 -6.62847e+06
1.24325e+07 180.782
1.24323e+07 -6.65877e+06
1.24888e+07 180.902
1.24886e+07 -6.68907e+06
1.25451e+07 181.021
1.25449e+07 -6.71937e+06
1.26014e+07 181.14
1.26012e+07 -6.74967e+06
1.26577e+07 181.258
1.26575e+07 -6.77997e+06
1.2714e+07 181.376
1.27138e+07 -6.81027e+06
1.27703e+07 181.493
1.27701e+07 -6.84057e+06
1.28266e+07 181.61
1.28264e+07 -6.87087e+06
1.28829e+07 181.726
1.28827e+07 -6.90117e+06
1.29392e+07 181.842
1.2939e+07 -6.93147e+06
1.29955e+07 181.957
1.29953e+07 -6.96177e+06
1.30518e+07 182.072
1.30516e+07 -6.99207e+06
1.31081e+07 182.186
1.31079e+07 -7.02237e+06
1.31644e+07 182.3
1.31642e+07 -7.05267e+06
1.32207e+07 182.413
1.32205e+07 -7.08297e+06
1.3277e+07 182.526
1.32768e+07 -7.11327e+06
1.33333e+07 182.638
1.33331e+07 -7.14357e+06
1.33896e+07 182.75
1.33894e+07 -7.17387e+06
1.34459e+07 182.861
1.34457e+07 -7.20417e+06
1.35022e+07 182.972
1.3502e+07 -7.23447e+06
1.35585e+07 183.082
1.35583e+07 -7.26477e+06
1.36148e+07 183.192
1.36146e+07 -7.29507e+06
1.36711e+07 183.301
1.36709e+07 -7.32537e+06
1.37274e+07 183.41
1.37272e+07 -7.35567e+06
1.37837e+07 183.519
1.37835e+07 -7.38597e+06
1.384e+07 183.627
1.38398e+07 -7.41627e+06
1.38963e+07 183.735
1.38961e+07 -7.44657e+06
1.39526e+07 183.842
1.39524e+07 -7.47687e+06
1.40089e+07 183.949
1.40087e+07 -7.50717e+06
1.40652e+07 184.055
1.4065e+07 -7.53747e+06
1.41215e+07 184.161
1.41213e+07 -7.56777e+06
1.41778e+07 184.267
1.41776e+07 -7.59807e+06
1.42341e+07 184.372
1.42339e+07 -7.62837e+06
1.42904e+07 184.477
1.42902e+07 -7.65867e+06
1.43467e+07 184.581
1.43465e+07 -7.68897e+06
1.4403e+07 184.685
1.44028e+07 -7.71927e+06
1.44593e+07 184.789
1.44591e+07 -7.74957e+06
1.45156e+07 184.892
1.45154e+07 -7.77987e+06
1.45719e+07 184.995
1.45717e+07 -7.81017e+06
1.46282e+07 185.097
1.4628e+07 -7.84047e+06
1.46845e+07 185.199
1.46843e+07 -7.87077e+06
1.47408e+07 185.301
1.47406e+07 -7.90107e+06
1.47971e+07 185.402
1.47969e+07 -7.93137e+06
1.48534e+07 185.503
1.48532e+07 -7.96167e+06
1.49097e+07 185.603
1.49095e+07 -7.99197e+06
1.4966e+07 185.703
1.49658e+07 -8.02227e+06
1.50223e+07 185.803
1.50221e+07 -8.05257e+06
1.50786e+07 185.902
1.50784e+07 -8.08287e+06
1.51349e+07 186.001
1.51347e+07 -8.11317e+06
1.51912e+07 186.099
1.5191e+07 -8.14347e+06
1.52475e+07 186.197
1.52473e+07 -8.17377e+06
1.53038e+07 186.295
1.53036e+07 -8.20407e+06
1.53601e+07 186.392
1.53599e+07 -8.23437e+06
1.54164e+07 186.489
1.54162e+07 -8.26467e+06
1.54727e+07 186.586
1.54725e+07 -8.29497e+06
1.5529e+07 186.682
1.55288e+07 -8.32527e+06
1.55853e+07 186.778
1.55851e+07 -8.35557e+06
1.56416e+07 186.874
1.56414e+07 -8.38587e+06
1.56979e+07 186.969
1.56977e+07 -8.41617e+06
1.57542e+07 187.064
1.5754e+07 -8.44647e+06
1.58105e+07 187.159
1.58103e+07 -8.47677e+06
1.58668e+07 187.253
1.58666e+07 -8.50707e+06
1.59231e+07 187.347
1.59229e+07 -8.53737e+06
1.59794e+07 187.441
1.59792e+07 -8.56767e+06
1.60357e+07 187.534
1.60355e+07 -8.59797e+06
1.6092e+07 187.627
1.60918e+07 -8.62827e+06
1.61483e+07 187.72
1.61481e+07 -8.65857e+06
1.62046e+07 187.812
1.62044e+07 -8.68887e+06
1.62609e+07 187.904
1.62607e+07 -8.71917e+06
1.63172e+07 187.996
1.6317e+07 -8.74947e+06
1.63735e+07 188.087
1.63733e+07 -8.77977e+06
1.64298e+07 188.178
1.64296e+07 -8.81007e+06
1.64861e+07 188.269
1.64859e+07 -8.84037e+06
1.65424e+07 188.359
1.65422e+07 -8.87067e+06
1.65987e+07 188.449
1.65985e+07 -8.90097e+06
1.6655e+07 188.539
1.66548e+07 -8.93127e+06
1.67113e+07 188.629
1.67111e+07 -8.96157e+06
1.67676e+07 188.718
1.67674e+07 -8.99187e+06
1.68239e+07 188.807
1.68237e+07 -9.02217e+06
1.68802e+07 188.896
1.688e+07 -9.05247e+06
1.69365e+07 188.984
1.69363e+07 -9.08277e+06
1.69928e+07 189.072
1.69926e+07 -9.11307e+06
1.70491e+07 189.16
1.70489e+07 -9.14337e+06
1.71054e+07 189.247
1.71052e+07 -9.17367e+06
1.71617e+07 189.334
1.71615e+07 -9.20397e+06
1.7218e+07 189.421
1.72178e+07 -9.23427e+06
1.72743e+07 189.508
1.72741e+07 -9.26457e+06
1.73306e+07 189.594
1.73304e+07 -9.29487e+06
1.73869e+07 189.68
1.73867e+07 -9.32517e+06
1.74432e+07 189.766
1.7443e+07 -9.35547e+06
1.74995e+07 189.851
1.74993e+07 -9.38577e+06
1.75558e+07 189.936
1.75556e+07 -9.41607e+06
1.76121e+07 190.021
1.76119e+07 -9.44637e+06
1.76684e+07 190.106
1.76682e+07 -9.47667e+06
1.77247e+07 190.19
1.77245e+07 -9.50697e+06
1.7781e+07 190.274
1.77808e+07 -9.53727e+06
1.78373e+07 190.358
1.78371e+07 -9.56757e+06
1.78936e+07 190.442
1.78934e+07 -9.59787e+06
1.79499e+07 190.525
1.79497e+07 -9.62817e+06
1.80062e+07 190.608
1.8006e+07 -9.65847e+06
1.80625e+07 190.691
1.80623e+07 -9.68877e+06
1.81188e+07 190.774
1.81186e+07 -9.71907e+06
1.81751e+07 190.856
1.81749e+07 -9.74937e+06
1.82314e+07 190.938
1.82312e+07 -9.77967e+06
1.82877e+07 191.02
1.82875e+07 -9.80997e+06
1.8344e+07 191.102
1.83438e+07 -9.84027e+06
1.84003e+07 191.183
1.84001e+07 -9.87057e+06
1.84566e+07 191.264
1.84564e+07 -9.90087e+06
1.85129e+07 191.345
1.85127e+07 -9.93117e+06
1.85692e+07 191.426
1.8569e+07 -9.96147e+06
1.86255e+07 191.506
1.86253e+07 -9.99177e+06
1.86818e+07 191.586
1.86816e+07 -1.00221e+07
1.87381e+07 191.666
1.87379e+07 -1.00524e+07
1.87944e+07 191.746
1.87942e+07 -1.00827e+07
1.88507e+07 191.825
1.88505e+07 -1.0113e+07
1.8907e+07 191.904
1.89068e+07 -1.01433e+07
1.89633e+07 191.983
1.89631e+07 -1.01736e+07
1.90196e+07 192.062
1.90194e+07 -1.02039e+07
1.90759e+07 192.14
1.90757e+07 -1.02342e+07
1.91322e+07 192.218
1.9132e+07 -1.02645e+07
1.91885e+07 192.296
1.91883e+07 -1.02948e+07
1.92448e+07 192.374
1.92446e+07 -1.03251e+07
1.93011e+07 192.451
1.93009e+07 -1.03554e+07
1.93574e+07 192.528
1.93572e+07 -1.03857e+07
1.94137e+07 192.605
1.94135e+07 -1.0416e+07
1.947e+07 192.682
1.94698e+07 -1.04463e+07
1.95263e+07 192.759
1.95261e+07 -1.04766e+07
1.95826e+07 192.835
1.95824e+07 -1.05069e+07
1.96389e+07 192.911
1.96387e+07 -1.05372e+07
1.96952e+07 192.987
1.9695e+07 -1.05675e+07
1.97515e+07 193.063
1.97513e+07 -1.05978e+07
1.98078e+07 193.138
1.98076e+07 -1.06281e+07
1.98641e+07 193.213
1.98639e+07 -1.06584e+07
1.99204e+07 193.288
1.99202e+07 -1.06887e+07
1.99767e+07 193.363
1.99765e+07 -1.0719e+07
2.0033e+07 193.438
2.00328e+07 -1.07493e+07
2.00893e+07 193.512
2.00891e+07 -1.07796e+07
2.01456e+07 193.586
2.01454e+07 -1.08099e+07
2.02019e+07 193.66
2.02017e+07 -1.08402e+07
2.02582e+07 193.734
2.0258e+07 -1.08705e+07
2.03145e+07 193.808
2.03143e+07 -1.09008e+07
2.03708e+07 193.881
2.03706e+07 -1.09311e+07
2.04271e+07 193.954
2.04269e+07 -1.09614e+07
2.04834e+07 194.027
2.04832e+07 -1.09917e+07
2.05397e+07 194.1
2.05395e+07 -1.1022e+07
2.0596e+07 194.173
2.05958e+07 -1.10523e+07
2.06523e+07 194.245
2.06521e+07 -1.10826e+07
2.07086e+07 194.317
2.07084e+07 -1.11129e+07
2.07649e+07 194.389
2.07647e+07 -1.11432e+07
2.08212e+07 194.461
2.0821e+07 -1.11735e+07
2.08775e+07 194.533
2.08773e+07 -1.12038e+07
2.09338e+07 194.604
2.09336e+07 -1.12341e+07
2.09901e+07 194.675
2.09899e+07 -1.12644e+07
2.10464e+07 194.746
2.10462e+07 -1.12947e+07
2.11027e+07 194.817
2.11025e+07 -1.1325e+07
2.1159e+07 194.888
2.11588e+07 -1.13553e+07
2.12153e+07 194.958
2.12151e+07 -1.13856e+07
2.12716e+07 195.028
2.12714e+07 -1.14159e+07
2.13279e+07 195.098
2.13277e+07 -1.14462e+07
2.13842e+07 195.168
2.1384e+07 -1.14765e+07
2.14405e+07 195.238
2.14403e+07 -1.15068e+07
2.14968e+07 195.308
2.14966e+07 -1.15371e+07
2.15531e+07 195.377
2.15529e+07 -1.15674e+07
2.16094e+07 195.446
2.16092e+07 -1.15977e+07
2.16657e+07 195.515
2.16655e+07 -1.1628e+07
2.1722e+07 195.584
2.17218e+07 -1.16583e+07
2.17783e+07 195.653
2.17781e+07 -1.16886e+07
2.18346e+07 195.721
2.18344e+07 -1.17189e+07
2.18909e+07 195.789
2.18907e+07 -1.17492e+07
2.19472e+07 195.857
2.1947e+07 -1.17795e+07
2.20035e+07 195.925
2.20033e+07 -1.18098e+07
2.20598e+07 195.993
2.20596e+07 -1.18401e+07
2.21161e+07 196.061
2.21159e+07 -1.18704e+07
2.21724e+07 196.128
2.21722e+07 -1.19007e+07
2.22287e+07 196.195
2.22285e+07 -1.1931e+07
2.2285e+07 196.262
2.22848e+07 -1.19613e+07
2.23413e+07 196.329
2.23411e+07 -1.19916e+07
2.23976e+07 196.396
2.23974e+07 -1.20219e+07
2.24539e+07 196.463
2.24537e+07 -1.20522e+07
2.25102e+07 196.529
2.251e+07 -1.20825e+07
2.25665e+07 196.595
2.25663e+07 -1.21128e+07
2.26228e+07 196.661
2.26226e+07 -1.21431e+07
2.26791e+07 196.727
2.26789e+07 -1.21734e+07
2.27354e+07 196.793
2.27352e+07 -1.22037e+07
2.27917e+07 196.859
2.27915e+07 -1.2234e+07
2.2848e+07 196.924
2.28478e+07 -1.22643e+07
2.29043e+07 196.989
2.29041e+07 -1.22946e+07
2.29606e+07 197.054
2.29604e+07 -1.23249e+07
2.30169e+07 197.119
2.30167e+07 -1.23552e+07
2.30732e+07 197.184
2.3073e+07 -1.23855e+07
2.31295e+07 197.249
2.31293e+07 -1.24158e+07
2.31858e+07 197.313
2.31856e+07 -1.24461e+07
2.32421e+07 197.377
2.32419e+07 -1.24764e+07
2.32984e+07 197.441
2.32982e+07 -1.25067e+07
2.33547e+07 197.505
2.33545e+07 -1.2537e+07
2.3411e+07 197.569
2.34108e+07 -1.25673e+07
2.34673e+07 197.633
2.34671e+07 -1.25976e+07
2.35236e+07 197.697
2.35234e+07 -1.26279e+07
2.35799e+07 197.76
2.35797e+07 -1.26582e+07
2.36362e+07 197.823
2.3636e+07 -1.26885e+07
2.36925e+07 197.886
2.36923e+07 -1.27188e+07
2.37488e+07 197.949
2.37486e+07 -1.27491e+07
2.38051e+07 198.012
2.38049e+07 -1.27794e+07
2.38614e+07 198.075
2.38612e+07 -1.28097e+07
2.39177e+07 198.137
2.39175e+07 -1.284e+07
2.3974e+07 198.199
2.39738e+07 -1.28703e+07
2.40303e+07 198.261
2.40301e+07 -1.29006e+07
2.40866e+07 198.323
2.40864e+07 -1.29309e+07
2.41429e+07 198.385
2.41427e+07 -1.29612e+07
2.41992e+07 198.447
2.4199e+07 -1.29915e+07
2.42555e+07 198.509
2.42553e+07 -1.30218e+07
2.43118e+07 198.57
2.43116e+07 -1.30521e+07
2.43681e+07 198.631
2.43679e+07 -1.30824e+07
2.44244e+07 198.692
2.44242e+07 -1.31127e+07
2.44807e+07 198.753
2.44805e+07 -1.3143e+07
2.4537e+07 198.814
2.45368e+07 -1.31733e+07
2.45933e+07 198.875
2.45931e+07 -1.32036e+07
2.46496e+07 198.936
2.46494e+07 -1.32339e+07
2.47059e+07 198.996
2.47057e+07 -1.32642e+07
2.47622e+07 199.056
2.4762e+07 -1.32945e+07
2.48185e+07 199.116
2.48183e+07 -1.33248e+07
2.48748e+07 199.176
2.48746e+07 -1.33551e+07
2.49311e+07 199.236
2.49309e+07 -1.33854e+07
2.49874e+07 199.296
2.49872e+07 -1.34157e+07
2.50437e+07 199.356
2.50435e+07 -1.3446e+07
2.51e+07 199.416
2.50998e+07 -1.34763e+07
2.51563e+07 199.475
2.51561e+07 -1.35066e+07
2.52126e+07 199.534
2.52124e+07 -1.35369e+07
2.52689e+07 199.593
2.52687e+07 -1.35672e+07
2.53252e+07 199.652
2.5325e+07 -1.35975e+07
2.53815e+07 199.711
2.53813e+07 -1.36278e+07
2.54378e+07 199.77
2.54376e+07 -1.36581e+07
2.54941e+07 199.829
2.54939e+07 -1.36884e+07
2.55504e+07 199.887
2.55502e+07 -1.37187e+07
2.56067e+07 199.945
2.56065e+07 -1.3749e+07
2.5663e+07 200.003
2.56628e+07 -1.37793e+07
2.57193e+07 200.061
2.57191e+07 -1.38096e+07
2.57756e+07 200.119
2.57754e+07 -1.38399e+07
2.58319e+07 200.177
2.58317e+07 -1.38702e+07
2.58882e+07 200.235
2.5888e+07 -1.39005e+07
2.59445e+07 200.293
2.59443e+07 -1.39308e+07
2.60008e+07 200.35
2.60006e+07 -1.39611e+07
2.60571e+07 200.407
2.60569e+07 -1.39914e+07
2.61134e+07 200.464
2.61132e+07 -1.40217e+07
2.61697e+07 200.521
2.61695e+07 -1.4052e+07
2.6226e+07 200.578
2.62258e+07 -1.40823e+07
2.62823e+07 200.635
2.62821e+07 -1.41126e+07
2.63386e+07 200.692
2.63384e+07 -1.41429e+07
2.63949e+07 200.749
2.63947e+07 -1.41732e+07
2.64512e+07 200.805
2.6451e+07 -1.42035e+07
2.65075e+07 200.861
2.65073e+07 -1.42338e+07
2.65638e+07 200.917
2.65636e+07 -1.42641e+07
2.66201e+07 200.973
2.66199e+07 -1.42944e+07
2.66764e+07 201.029
2.66762e+07 -1.43247e+07
2.67327e+07 201.085
2.67325e+07 -1.4355e+07
2.6789e+07 201.141
2.67888e+07 -1.43853e+07
2.68453e+07 201.197
2.68451e+07 -1.44156e+07
2.69016e+07 201.253
2.69014e+07 -1.44459e+07
2.69579e+07 201.308
2.69577e+07 -1.44762e+07
2.70142e+07 201.363
2.7014e+07 -1.45065e+07
2.70705e+07 201.418
2.70703e+07 -1.45368e+07
2.71268e+07 201.473
2.71266e+07 -1.45671e+07
2.71831e+07 201.528
2.71829e+07 -1.45974e+07
2.72394e+07 201.583
2.72392e+07 -1.46277e+07
2.72957e+07 201.638
2.72955e+07 -1.4658e+07
2.7352e+07 201.693
2.73518e+07 -1.46883e+07
2.74083e+07 201.748
2.74081e+07 -1.47186e+07
2.74646e+07 201.802
2.74644e+07 -1.47489e+07
2.75209e+07 201.856
2.75207e+07 -1.47792e+07
2.75772e+07 201.91
2.7577e+07 -1.48095e+07
2.76335e+07 201.964
2.76333e+07 -1.48398e+07
2.76898e+07 202.018
2.76896e+07 -1.48701e+07
2.77461e+07 202.072
2.77459e+07 -1.49004e+07
2.78024e+07 202.126
2.78022e+07 -1.49307e+07
2.78587e+07 202.18
2.78585e+07 -1.4961e+07
2.7915e+07 202.234
2.79148e+07 -1.49913e+07
2.79713e+07 202.287
2.79711e+07 -1.50216e+07
2.80276e+07 202.34
2.80274e+07 -1.50519e+07
2.80839e+07 202.393
2.80837e+07 -1.50822e+07
2.81402e+07 202.446
2.814e+07 -1.51125e+07
2.81965e+07 202.499
2.81963e+07 -1.51428e+07
2.82528e+07 202.552
2.82526e+07 -1.51731e+07
2.83091e+07 202.605
2.83089e+07 -1.52034e+07
2.83654e+07 202.658
2.83652e+07 -1.52337e+07
2.84217e+07 202.711
2.84215e+07 -1.5264e+07
2.8478e+07 202.763
2.84778e+07 -1.52943e+07
2.85343e+07 202.815
2.85341e+07 -1.53246e+07
2.85906e+07 202.867
2.85904e+07 -1.53549e+07
2.86469e+07 202.919
2.86467e+07 -1.53852e+07
2.87032e+07 202.971
2.8703e+07 -1.54155e+07
2.87595e+07 203.023
2.87593e+07 -1.54458e+07
2.88158e+07 203.075
2.88156e+07 -1.54761e+07
2.88721e+07 203.127
2.88719e+07 -1.55064e+07
2.89284e+07 203.179
2.89282e+07 -1.55367e+07
2.89847e+07 203.231
2.89845e+07 -1.5567e+07
2.9041e+07 203.282
2.90408e+07 -1.55973e+07
2.90973e+07 203.333
2.90971e+07 -1.56276e+07
2.91536e+07 203.384
2.91534e+07 -1.56579e+07
2.92099e+07 203.435
2.92097e+07 -1.56882e+07
2.92662e+07 203.486
2.9266e+07 -1.57185e+07
2.93225e+07 203.537
2.93223e+07 -1.57488e+07
2.93788e+07 203.588
2.93786e+07 -1.57791e+07
2.94351e+07 203.639
2.94349e+07 -1.58094e+07
2.94914e+07 203.69
2.94912e+07 -1.58397e+07
2.95477e+07 203.741
2.95475e+07 -1.587e+07
2.9604e+07 203.791
2.96038e+07 -1.59003e+07
2.96603e+07 203.841
2.96601e+07 -1.59306e+07
2.97166e+07 203.891
2.97164e+07 -1.59609e+07
2.97729e+07 203.941
2.97727e+07 -1.59912e+07
2.98292e+07 203.991
2.9829e+07 -1.60215e+07
2.98855e+07 204.041
2.98853e+07 -1.60518e+07
2.99418e+07 204.091
2.99416e+07 -1.60821e+07
2.99981e+07 204.141
2.99979e+07 -1.61124e+07
3.00544e+07 204.191
3.00542e+07 -1.61427e+07
3.01107e+07 204.241
3.01105e+07 -1.6173e+07
3.0167e+07 204.291
3.01668e+07 -1.62033e+07
3.02233e+07 204.34
3.02231e+07 -1.62336e+07
3.02796e+07 204.389
3.02794e+07 -1.62639e+07
3.03359e+07 204.438
3.03357e+07 -1.62942e+07
3.03922e+07 204.487
3.0392e+07 -1.63245e+07
3.04485e+07 204.536
3.04483e+07 -1.63548e+07
3.05048e+07 204.585
3.05046e+07 -1.63851e+07
3.05611e+07 204.634
3.05609e+07 -1.64154e+07
3.06174e+07 204.683
3.06172e+07 -1.64457e+07
3.06737e+07 204.732
3.06735e+07 -1.6476e+07
3.073e+07 204.781
3.07298e+07 -1.65063e+07
3.07863e+07 204.83
3.07861e+07 -1.65366e+07
3.08426e+07 204.878
3.08424e+07 -1.65669e+07
3.08989e+07 204.926
3.08987e+07 -1.65972e+07
3.09552e+07 204.974
3.0955e+07 -1.66275e+07
3.10115e+07 205.022
3.10113e+07 -1.66578e+07
3.10678e+07 205.07
3.10676e+07 -1.66881e+07
3.11241e+07 205.118
3.11239e+07 -1.67184e+07
3.11804e+07 205.166
3.11802e+07 -1.67487e+07
3.12367e+07 205.214
3.12365e+07 -1.6779e+07
3.1293e+07 205.262
3.12928e+07 -1.68093e+07
3.13493e+07 205.31
3.13491e+07 -1.68396e+07
3.14056e+07 205.358
3.14054e+07 -1.68699e+07
3.14619e+07 205.405
3.14617e+07 -1.69002e+07
3.15182e+07 205.452
3.1518e+07 -1.69305e+07
3.15745e+07 205.499
3.15743e+07 -1.69608e+07
3.16308e+07 205.546
3.16306e+07 -1.69911e+07
3.16871e+07 205.593
3.16869e+07 -1.70214e+07
3.17434e+07 205.64
3.17432e+07 -1.70517e+07
3.17997e+07 205.687
3.17995e+07 -1.7082e+07
3.1856e+07 205.734
3.18558e+07 -1.71123e+07
3.19123e+07 205.781
3.19121e+07 -1.71426e+07
3.19686e+07 205.828
3.19684e+07 -1.71729e+07
3.20249e+07 205.875
3.20247e+07 -1.72032e+07
3.20812e+07 205.922
3.2081e+07 -1.72335e+07
3.21375e+07 205.968
3.21373e+07 -1.72638e+07
3.21938e+07 206.014
3.21936e+07 -1.72941e+07
3.22501e+07 206.06
3.22499e+07 -1.73244e+07
3.23064e+07 206.106
3.23062e+07 -1.73547e+07
3.23627e+07 206.152
3.23625e+07 -1.7385e+07
3.2419e+07 206.198
3.24188e+07 -1.74153e+07
3.24753e+07 206.244
3.24751e+07 -1.74456e+07
3.25316e+07 206.29
3.25314e+07 -1.74759e+07
3.25879e+07 206.336
3.25877e+07 -1.75062e+07
3.26442e+07 206.382
3.2644e+07 -1.75365e+07
3.27005e+07 206.428
3.27003e+07 -1.75668e+07
3.27568e+07 206.474
3.27566e+07 -1.75971e+07
3.28131e+07 206.52
3.28129e+07 -1.76274e+07
3.28694e+07 206.565
3.28692e+07 -1.76577e+07
3.29257e+07 206.61
3.29255e+07 -1.7688e+07
3.2982e+07 206.655
3.29818e+07 -1.77183e+07
3.30383e+07 206.7
3.30381e+07 -1.77486e+07
3.30946e+07 206.745
3.30944e+07 -1.77789e+07
3.31509e+07 206.79
3.31507e+07 -1.78092e+07
3.32072e+07 206.835
3.3207e+07 -1.78395e+07
3.32635e+07 206.88
3.32633e+07 -1.78698e+07
3.33198e+07 206.925
3.33196e+07 -1.79001e+07
3.33761e+07 206.97
3.33759e+07 -1.79304e+07
3.34324e+07 207.015
3.34322e+07 -1.79607e+07
3.34887e+07 207.06
3.34885e+07 -1.7991e+07
3.3545e+07 207.105
3.35448e+07 -1.80213e+07
3.36013e+07 207.149
3.36011e+07 -1.80516e+07
3.36576e+07 207.193
3.36574e+07 -1.80819e+07
3.37139e+07 207.237
3.37137e+07 -1.81122e+07
3.37702e+07 207.281
3.377e+07 -1.81425e+07
3.38265e+07 207.325
3.38263e+07 -1.81728e+07
3.38828e+07 207.369
3.38826e+07 -1.82031e+07
3.39391e+07 207.413
3.39389e+07 -1.82334e+07
3.39954e+07 207.457
3.39952e+07 -1.82637e+07
3.40517e+07 207.501
3.40515e+07 -1.8294e+07
3.4108e+07 207.545
3.41078e+07 -1.83243e+07
3.41643e+07 207.589
3.41641e+07 -1.83546e+07
3.42206e+07 207.633
3.42204e+07 -1.83849e+07
3.42769e+07 207.677
3.42767e+07 -1.84152e+07
3.43332e+07 207.72
3.4333e+07 -1.84455e+07
3.43895e+07 207.763
3.43893e+07 -1.84758e+07
3.44458e+07 207.806
3.44456e+07 -1.85061e+07
3.45021e+07 207.849
3.45019e+07 -1.85364e+07
3.45584e+07 207.892
3.45582e+07 -1.85667e+07
3.46147e+07 207.935
3.46145e+07 -1.8597e+07
3.4671e+07 207.978
3.46708e+07 -1.86273e+07
3.47273e+07 208.021
3.47271e+07 -1.86576e+07
3.47836e+07 208.064
3.47834e+07 -1.86879e+07
3.48399e+07 208.107
3.48397e+07 -1.87182e+07
3.48962e+07 208.15
3.4896e+07 -1.87485e+07
3.49525e+07 208.193
3.49523e+07 -1.87788e+07
3.50088e+07 208.236
3.50086e+07 -1.88091e+07
3.50651e+07 208.279
3.50649e+07 -1.88394e+07
3.51214e+07 208.322
3.51212e+07 -1.88697e+07
3.51777e+07 208.364
3.51775e+07 -1.89e+07
3.5234e+07 208.406
3.52338e+07 -1.89303e+07
3.52903e+07 208.448
3.52901e+07 -1.89606e+07
3.53466e+07 208.49
3.53464e+07 -1.89909e+07
3.54029e+07 208.532
3.54027e+07 -1.90212e+07
3.54592e+07 208.574
3.5459e+07 -1.90515e+07
3.55155e+07 208.616
3.55153e+07 -1.90818e+07
3.55718e+07 208.658
3.55716e+07 -1.91121e+07
3.56281e+07 208.7
3.56279e+07 -1.91424e+07
3.56844e+07 208.742
3.56842e+07 -1.91727e+07
3.57407e+07 208.784
3.57405e+07 -1.9203e+07
3.5797e+07 208.826
3.57968e+07 -1.92333e+07
3.58533e+07 208.868
3.58531e+07 -1.92636e+07
3.59096e+07 208.91
3.59094e+07 -1.92939e+07
3.59659e+07 208.952
3.59657e+07 -1.93242e+07
3.60222e+07 208.993
3.6022e+07 -1.93545e+07
3.60785e+07 209.034
3.60783e+07 -1.93848e+07
3.61348e+07 209.075
3.61346e+07 -1.94151e+07
3.61911e+07 209.116
3.61909e+07 -1.94454e+07
3.62474e+07 209.157
3.62472e+07 -1.94757e+07
3.63037e+07 209.198
3.63035e+07 -1.9506e+07
3.636e+07 209.239
3.63598e+07 -1.95363e+07
3.64163e+07 209.28
3.64161e+07 -1.95666e+07
3.64726e+07 209.321
3.64724e+07 -1.95969e+07
3.65289e+07 209.362
3.65287e+07 -1.96272e+07
3.65852e+07 209.403
3.6585e+07 -1.96575e+07
3.66415e+07 209.444
3.66413e+07 -1.96878e+07
3.66978e+07 209.485
3.66976e+07 -1.97181e+07
3.67541e+07 209.526
3.67539e+07 -1.97484e+07
3.68104e+07 209.567
3.68102e+07 -1.97787e+07
3.68667e+07 209.607
3.68665e+07 -1.9809e+07
3.6923e+07 209.647
3.69228e+07 -1.98393e+07
3.69793e+07 209.687
3.69791e+07 -1.98696e+07
3.70356e+07 209.727
3.70354e+07 -1.98999e+07
3.70919e+07 209.767
3.70917e+07 -1.99302e+07
3.71482e+07 209.807
3.7148e+07 -1.99605e+07
3.72045e+07 209.847
3.72043e+07 -1.99908e+07
3.72608e+07 209.887
3.72606e+07 -2.00211e+07
3.73171e+07 209.927
3.73169e+07 -2.00514e+07
3.73734e+07 209.967
3.73732e+07 -2.00817e+07
3.74297e+07 210.007
3.74295e+07 -2.0112e+07
3.7486e+07 210.047
3.74858e+07 -2.01423e+07
3.75423e+07 210.087
3.75421e+07 -2.01726e+07
3.75986e+07 210.127
3.75984e+07 -2.02029e+07
3.76549e+07 210.167
3.76547e+07 -2.02332e+07
3.77112e+07 210.207
3.7711e+07 -2.02635e+07
3.77675e+07 210.247
3.77673e+07 -2.02938e+07
3.78238e+07 210.286
3.78236e+07 -2.03241e+07
3.78801e+07 210.325
3.78799e+07 -2.03544e+07
3.79364e+07 210.364
3.79362e+07 -2.03847e+07
3.79927e+07 210.403
3.79925e+07 -2.0415e+07
3.8049e+07 210.442
3.80488e+07 -2.04453e+07
3.81053e+07 210.481
3.81051e+07 -2.04756e+07
3.81616e+07 210.52
3.81614e+07 -2.05059e+07
3.82179e+07 210.559
3.82177e+07 -2.05362e+07
3.82742e+07 210.598
3.8274e+07 -2.05665e+07
3.83305e+07 210.637
3.83303e+07 -2.05968e+07
3.83868e+07 210.676
3.83866e+07 -2.06271e+07
3.84431e+07 210.715
3.84429e+07 -2.06574e+07
3.84994e+07 210.754
3.84992e+07 -2.06877e+07
3.85557e+07 210.793
3.85555e+07 -2.0718e+07
3.8612e+07 210.832
3.86118e+07 -2.07483e+07
3.86683e+07 210.871
3.86681e+07 -2.07786e+07
3.87246e+07 210.91
3.87244e+07 -2.08089e+07
3.87809e+07 210.948
3.87807e+07 -2.08392e+07
3.88372e+07 210.986
3.8837e+07 -2.08695e+07
3.88935e+07 211.024
3.88933e+07 -2.08998e+07
3.89498e+07 211.062
3.89496e+07 -2.09301e+07
3.90061e+07 211.1
3.90059e+07 -2.09604e+07
3.90624e+07 211.138
3.90622e+07 -2.09907e+07
3.91187e+07 211.176
3.91185e+07 -2.1021e+07
3.9175e+07 211.214
3.91748e+07 -2.10513e+07
3.92313e+07 211.252
3.92311e+07 -2.10816e+07
3.92876e+07 211.29
3.92874e+07 -2.11119e+07
3.93439e+07 211.328
3.93437e+07 -2.11422e+07
3.94002e+07 211.366
3.94e+07 -2.11725e+07
3.94565e+07 211.404
3.94563e+07 -2.12028e+07
3.95128e+07 211.442
3.95126e+07 -2.12331e+07
3.95691e+07 211.48
3.95689e+07 -2.12634e+07
3.96254e+07 211.518
3.96252e+07 -2.12937e+07
3.96817e+07 211.556
3.96815e+07 -2.1324e+07
3.9738e+07 211.594
3.97378e+07 -2.13543e+07
3.97943e+07 211.632
3.97941e+07 -2.13846e+07
3.98506e+07 211.669
3.98504e+07 -2.14149e+07
3.99069e+07 211.706
3.99067e+07 -2.14452e+07
3.99632e+07 211.743
3.9963e+07 -2.14755e+07
4.00195e+07 211.78
4.00193e+07 -2.15058e+07
4.00758e+07 211.817
4.00756e+07 -2.15361e+07
4.01321e+07 211.854
4.01319e+07 -2.15664e+07
4.01884e+07 211.891
4.01882e+07 -2.15967e+07
4.02447e+07 211.928
4.02445e+07 -2.1627e+07
4.0301e+07 211.965
4.03008e+07 -2.16573e+07
4.03573e+07 212.002
4.03571e+07 -2.16876e+07
4.04136e+07 212.039
4.04134e+07 -2.17179e+07
4.04699e+07 212.076
4.04697e+07 -2.17482e+07
4.05262e+07 212.113
4.0526e+07 -2.17785e+07
4.05825e+07 212.15
4.05823e+07 -2.18088e+07
4.06388e+07 212.187
4.06386e+07 -2.18391e+07
4.06951e+07 212.224
4.06949e+07 -2.18694e+07
4.07514e+07 212.261
4.07512e+07 -2.18997e+07
4.08077e+07 212.298
4.08075e+07 -2.193e+07
4.0864e+07 212.335
4.08638e+07 -2.19603e+07
4.09203e+07 212.371
4.09201e+07 -2.19906e+07
4.09766e+07 212.407
4.09764e+07 -2.20209e+07
4.10329e+07 212.443
4.10327e+07 -2.20512e+07
4.10892e+07 212.479
4.1089e+07 -2.20815e+07
4.11455e+07 212.515
4.11453e+07 -2.21118e+07
4.12018e+07 212.551
4.12016e+07 -2.21421e+07
4.12581e+07 212.587
4.12579e+07 -2.21724e+07
4.13144e+07 212.623
4.13142e+07 -2.22027e+07
4.13707e+07 212.659
4.13705e+07 -2.2233e+07
4.1427e+07 212.695
4.14268e+07 -2.22633e+07
4.14833e+07 212.731
4.14831e+07 -2.22936e+07
4.15396e+07 212.767
4.15394e+07 -2.23239e+07
4.15959e+07 212.803
4.15957e+07 -2.23542e+07
4.16522e+07 212.839
4.1652e+07 -2.23845e+07
4.17085e+07 212.875
4.17083e+07 -2.24148e+07
4.17648e+07 212.911
4.17646e+07 -2.24451e+07
4.18211e+07 212.947
4.18209e+07 -2.24754e+07
4.18774e+07 212.983
4.18772e+07 -2.25057e+07
4.19337e+07 213.019
4.19335e+07 -2.2536e+07
4.199e+07 213.055
4.19898e+07 -2.25663e+07
4.20463e+07 213.091
4.20461e+07 -2.25966e+07
4.21026e+07 213.126
4.21024e+07 -2.26269e+07
4.21589e+07 213.161
4.21587e+07 -2.26572e+07
4.22152e+07 213.196
4.2215e+07 -2.26875e+07
4.22715e+07 213.231
4.22713e+07 -2.27178e+07
4.23278e+07 213.266
4.23276e+07 -2.27481e+07
4.23841e+07 213.301
4.23839e+07 -2.27784e+07
4.24404e+07 213.336
4.24402e+07 -2.28087e+07
4.24967e+07 213.371
4.24965e+07 -2.2839e+07
4.2553e+07 213.406
4.25528e+07 -2.28693e+07
4.26093e+07 213.441
4.26091e+07 -2.28996e+07
4.26656e+07 213.476
4.26654e+07 -2.29299e+07
4.27219e+07 213.511
4.27217e+07 -2.29602e+07
4.27782e+07 213.546
4.2778e+07 -2.29905e+07
4.28345e+07 213.581
4.28343e+07 -2.30208e+07
4.28908e+07 213.616
4.28906e+07 -2.30511e+07
4.29471e+07 213.651
4.29469e+07 -2.30814e+07
4.30034e+07 213.686
4.30032e+07 -2.31117e+07
4.30597e+07 213.721
4.30595e+07 -2.3142e+07
4.3116e+07 213.756
4.31158e+07 -2.31723e+07
4.31723e+07 213.791
4.31721e+07 -2.32026e+07
4.32286e+07 213.826
4.32284e+07 -2.32329e+07
4.32849e+07 213.86
4.32847e+07 -2.32632e+07
4.33412e+07 213.894
4.3341e+07 -2.32935e+07
4.33975e+07 213.928
4.33973e+07 -2.33238e+07
4.34538e+07 213.962
4.34536e+07 -2.33541e+07
4.35101e+07 213.996
4.35099e+07 -2.33844e+07
4.35664e+07 214.03
4.35662e+07 -2.34147e+07
4.36227e+07 214.064
4.36225e+07 -2.3445e+07
4.3679e+07 214.098
4.36788e+07 -2.34753e+07
4.37353e+07 214.132
4.37351e+07 -2.35056e+07
4.37916e+07 214.166
4.37914e+07 -2.35359e+07
4.38479e+07 214.2
4.38477e+07 -2.35662e+07
4.39042e+07 214.234
4.3904e+07 -2.35965e+07
4.39605e+07 214.268
4.39603e+07 -2.36268e+07
4.40168e+07 214.302
4.40166e+07 -2.36571e+07
4.40731e+07 214.336
4.40729e+07 -2.36874e+07
4.41294e+07 214.37
4.41292e+07 -2.37177e+07
4.41857e+07 214.404
4.41855e+07 -2.3748e+07
4.4242e+07 214.438
4.42418e+07 -2.37783e+07
4.42983e+07 214.472
4.42981e+07 -2.38086e+07
4.43546e+07 214.506
4.43544e+07 -2.38389e+07
4.44109e+07 214.54
4.44107e+07 -2.38692e+07
4.44672e+07 214.574
4.4467e+07 -2.38995e+07
4.45235e+07 214.608
4.45233e+07 -2.39298e+07
4.45798e+07 214.641
4.45796e+07 -2.39601e+07
4.46361e+07 214.674
4.46359e+07 -2.39904e+07
4.46924e+07 214.707
4.46922e+07 -2.40207e+07
4.47487e+07 214.74
4.47485e+07 -2.4051e+07
4.4805e+07 214.773
4.48048e+07 -2.40813e+07
4.48613e+07 214.806
4.48611e+07 -2.41116e+07
4.49176e+07 214.839
4.49174e+07 -2.41419e+07
4.49739e+07 214.872
4.49737e+07 -2.41722e+07
4.50302e+07 214.905
4.503e+07 -2.42025e+07
4.50865e+07 214.938
4.50863e+07 -2.42328e+07
4.51428e+07 214.971
4.51426e+07 -2.42631e+07
4.51991e+07 215.004
4.51989e+07 -2.42934e+07
4.52554e+07 215.037
4.52552e+07 -2.43237e+07
4.53117e+07 215.07
4.53115e+07 -2.4354e+07
4.5368e+07 215.103
4.53678e+07 -2.43843e+07
4.54243e+07 215.136
4.54241e+07 -2.44146e+07
4.54806e+07 215.169
4.54804e+07 -2.44449e+07
4.55369e+07 215.202
4.55367e+07 -2.44752e+07
4.55932e+07 215.235
4.5593e+07 -2.45055e+07
4.56495e+07 215.268
4.56493e+07 -2.45358e+07
4.57058e+07 215.301
4.57056e+07 -2.45661e+07
4.57621e+07 215.334
4.57619e+07 -2.45964e+07
4.58184e+07 215.367
4.58182e+07 -2.46267e+07
4.58747e+07 215.4
4.58745e+07 -2.4657e+07
4.5931e+07 215.432
4.59308e+07 -2.46873e+07
4.59873e+07 215.464
4.59871e+07 -2.47176e+07
4.60436e+07 215.496
4.60434e+07 -2.47479e+07
4.60999e+07 215.528
4.60997e+07 -2.47782e+07
4.61562e+07 215.56
4.6156e+07 -2.48085e+07
4.62125e+07 215.592
4.62123e+07 -2.48388e+07
4.62688e+07 215.624
4.62686e+07 -2.48691e+07
4.63251e+07 215.656
4.63249e+07 -2.48994e+07
4.63814e+07 215.688
4.63812e+07 -2.49297e+07
4.64377e+07 215.72
4.64375e+07 -2.496e+07
4.6494e+07 215.752
4.64938e+07 -2.49903e+07
4.65503e+07 215.784
4.65501e+07 -2.50206e+07
4.66066e+07 215.816
4.66064e+07 -2.50509e+07
4.66629e+07 215.848
4.66627e+07 -2.50812e+07
4.67192e+07 215.88
4.6719e+07 -2.51115e+07
4.67755e+07 215.912
4.67753e+07 -2.51418e+07
4.68318e+07 215.944
4.68316e+07 -2.51721e+07
4.68881e+07 215.976
4.68879e+07 -2.52024e+07
4.69444e+07 216.008
4.69442e+07 -2.52327e+07
4.70007e+07 216.04
4.70005e+07 -2.5263e+07
4.7057e+07 216.072
4.70568e+07 -2.52933e+07
4.71133e+07 216.104
4.71131e+07 -2.53236e+07
4.71696e+07 216.136
4.71694e+07 -2.53539e+07
4.72259e+07 216.168
4.72257e+07 -2.53842e+07
4.72822e+07 216.2
4.7282e+07 -2.54145e+07
4.73385e+07 216.232
4.73383e+07 -2.54448e+07
4.73948e+07 216.263
4.73946e+07 -2.54751e+07
4.74511e+07 216.294
4.74509e+07 -2.55054e+07
4.75074e+07 216.325
4.75072e+07 -2.55357e+07
4.75637e+07 216.356
4.75635e+07 -2.5566e+07
4.762e+07 216.387
4.76198e+07 -2.55963e+07
4.76763e+07 216.418
4.76761e+07 -2.56266e+07
4.77326e+07 216.449
4.77324e+07 -2.56569e+07
4.77889e+07 216.48
4.77887e+07 -2.56872e+07
4.78452e+07 216.511
4.7845e+07 -2.57175e+07
4.79015e+07 216.542
4.79013e+07 -2.57478e+07
4.79578e+07 216.573
4.79576e+07 -2.57781e+07
4.80141e+07 216.604
4.80139e+07 -2.58084e+07
4.80704e+07 216.635
4.80702e+07 -2.58387e+07
4.81267e+07 216.666
4.81265e+07 -2.5869e+07
4.8183e+07 216.697
4.81828e+07 -2.58993e+07
4.82393e+07 216.728
4.82391e+07 -2.59296e+07
4.82956e+07 216.759
4.82954e+07 -2.59599e+07
4.83519e+07 216.79
4.83517e+07 -2.59902e+07
4.84082e+07 216.821
4.8408e+07 -2.60205e+07
4.84645e+07 216.852
4.84643e+07 -2.60508e+07
4.85208e+07 216.883
4.85206e+07 -2.60811e+07
4.85771e+07 216.914
4.85769e+07 -2.61114e+07
4.86334e+07 216.945
4.86332e+07 -2.61417e+07
4.86897e+07 216.976
4.86895e+07 -2.6172e+07
4.8746e+07 217.007
4.87458e+07 -2.62023e+07
4.88023e+07 217.038
4.88021e+07 -2.62326e+07
4.88586e+07 217.069
4.88584e+07 -2.62629e+07
4.89149e+07 217.1
4.89147e+07 -2.62932e+07
4.89712e+07 217.13
4.8971e+07 -2.63235e+07
4.90275e+07 217.16
4.90273e+07 -2.63538e+07
4.90838e+07 217.19
4.90836e+07 -2.63841e+07
4.91401e+07 217.22
4.91399e+07 -2.64144e+07
4.91964e+07 217.25
4.91962e+07 -2.64447e+07
4.92527e+07 217.28
4.92525e+07 -2.6475e+07
4.9309e+07 217.31
4.93088e+07 -2.65053e+07
4.93653e+07 217.34
4.93651e+07 -2.65356e+07
4.94216e+07 217.37
4.94214e+07 -2.65659e+07
4.94779e+07 217.4
4.94777e+07 -2.65962e+07
4.95342e+07 217.43
4.9534e+07 -2.66265e+07
